Data File    , C:\Program Files\Biolog\OL_DC_23\PMX\Data_2013\02\PMX_443_130212_C_12.OKA
Set up Time  ,Feb 12 2013 3:27 PM
Position     , 6-B
Plate Type   ,PM 2-A
Strain Type  ,---
Sample Number,
Strain Name  ,E coli O157:H7
Strain Number,
Other        ,PM2 26c-ECI-357

Hour,  A01,  A02,  A03,  A04,  A05,  A06,  A07,  A08,  A09,  A10,  A11,  A12,  B01,  B02,  B03,  B04,  B05,  B06,  B07,  B08,  B09,  B10,  B11,  B12,  C01,  C02,  C03,  C04,  C05,  C06,  C07,  C08,  C09,  C10,  C11,  C12,  D01,  D02,  D03,  D04,  D05,  D06,  D07,  D08,  D09,  D10,  D11,  D12,  E01,  E02,  E03,  E04,  E05,  E06,  E07,  E08,  E09,  E10,  E11,  E12,  F01,  F02,  F03,  F04,  F05,  F06,  F07,  F08,  F09,  F10,  F11,  F12,  G01,  G02,  G03,  G04,  G05,  G06,  G07,  G08,  G09,  G10,  G11,  G12,  H01,  H02,  H03,  H04,  H05,  H06,  H07,  H08,  H09,  H10,  H11,  H12,
 0.000,  0.00,  0.00,  0.00,  0.00,  0.00,  0.00,  0.00,  0.00,  0.00,  0.00,  0.00,  2.00,  0.00,  0.00,  0.00,  0.00,  0.00,  0.00,  0.00,  0.00,  0.00,  0.00,  0.00,  0.00,  0.00,  0.00,  0.00,  0.00,  0.00,  0.00,  0.00,  0.00,  0.00,  0.00,  0.00,  0.00,  0.00,  0.00,  0.00,  0.00,  0.00,  0.00,  0.00,  0.00,  0.00,  0.00,  0.00,  0.00, 11.00,  0.00,  0.00,  0.00,  0.00,  0.00,  0.00,  0.00,  0.00,  0.00,  0.00,  0.00,  0.00,  0.00,  0.00,  0.00,  0.00,  0.00,  0.00,  0.00,  0.00,  0.00,  0.00,  0.00,  0.00,  0.00,  0.00,  0.00,  0.00,  0.00,  0.00,  0.00,  0.00,  0.00,  0.00,  0.00,  0.00,  0.00,  0.00,  0.00,  0.00,  0.00,  0.00,  0.00, 21.00,  0.00,  0.00,  0.00,
 0.250,  0.00,  0.00,  0.00,  0.00,  0.00,  0.00,  0.00,  0.00,  0.00,  0.00,  0.00,  2.00,  0.00,  0.00,  0.00,  0.00,  0.00,  0.00,  0.00,  0.00,  0.00,  0.00,  0.00,  0.00,  0.00,  0.00,  0.00,  0.00,  0.00,  0.00,  0.00,  0.00,  0.00,  0.00,  0.00,  0.00,  1.00,  0.00,  0.00,  0.00,  0.00,  0.00,  0.00,  0.00,  0.00,  0.00,  0.00,  0.00, 11.00,  0.00,  0.00,  0.00,  0.00,  0.00,  0.00,  0.00,  0.00,  0.00,  0.00,  0.00,  0.00,  0.00,  0.00,  0.00,  0.00,  0.00,  0.00,  0.00,  0.00,  0.00,  0.00,  0.00,  0.00,  0.00,  0.00,  0.00,  0.00,  0.00,  0.00,  0.00,  0.00,  0.00,  0.00,  0.00,  0.00,  0.00,  0.00,  0.00,  0.00,  0.00,  0.00,  0.00, 21.00,  0.00,  0.00,  0.00,
 0.500,  0.00,  0.00,  0.00,  0.00,  0.00,  0.00,  0.00,  0.00,  0.00,  0.00,  0.00,  5.00,  0.00,  0.00,  0.00,  0.00,  0.00,  0.00,  0.00,  0.00,  0.00,  0.00,  0.00,  0.00,  0.00,  0.00,  0.00,  0.00,  0.00,  0.00,  0.00,  0.00,  0.00,  0.00,  0.00,  0.00,  2.00,  0.00,  0.00,  0.00,  0.00,  0.00,  0.00,  0.00,  0.00,  0.00,  0.00,  0.00, 11.00,  0.00,  0.00,  0.00,  0.00,  0.00,  0.00,  0.00,  0.00,  0.00,  0.00,  0.00,  0.00,  0.00,  0.00,  0.00,  0.00,  0.00,  0.00,  0.00,  0.00,  0.00,  0.00,  0.00,  0.00,  0.00,  0.00,  0.00,  0.00,  0.00,  0.00,  0.00,  0.00,  0.00,  0.00,  0.00,  0.00,  0.00,  0.00,  0.00,  0.00,  0.00,  0.00,  0.00, 21.00,  0.00,  0.00,  0.00,
 0.750,  0.00,  0.00,  0.00,  0.00,  0.00,  0.00,  0.00,  0.00,  0.00,  0.00,  0.00,  0.00,  0.00,  0.00,  0.00,  0.00,  0.00,  0.00,  0.00,  0.00,  0.00,  0.00,  0.00,  0.00,  0.00,  0.00,  0.00,  0.00,  0.00,  0.00,  0.00,  0.00,  0.00,  0.00,  0.00,  0.00,  4.00,  0.00,  0.00,  0.00,  0.00,  0.00,  0.00,  0.00,  0.00,  0.00,  0.00,  0.00,  5.00,  0.00,  0.00,  0.00,  0.00,  0.00,  0.00,  0.00,  0.00,  0.00,  0.00,  0.00,  4.00,  0.00,  0.00,  0.00,  0.00,  0.00,  0.00,  0.00,  0.00,  0.00,  0.00,  0.00,  5.00,  0.00,  0.00,  0.00,  0.00,  0.00,  0.00,  0.00,  0.00,  0.00,  0.00,  0.00,  1.00,  0.00,  0.00,  0.00,  0.00,  0.00,  0.00,  0.00, 22.00,  0.00,  0.00,  0.00,
 1.000,  0.00,  0.00,  0.00,  0.00,  0.00,  0.00,  0.00,  0.00,  0.00,  0.00,  0.00,  0.00,  0.00,  0.00,  0.00,  0.00,  0.00,  0.00,  0.00,  0.00,  0.00,  0.00,  0.00,  0.00,  0.00,  0.00,  0.00,  0.00,  0.00,  0.00,  0.00,  0.00,  0.00,  0.00,  0.00,  0.00,  5.00,  0.00,  0.00,  0.00,  0.00,  0.00,  0.00,  0.00,  0.00,  0.00,  0.00,  0.00,  6.00,  0.00,  0.00,  0.00,  0.00,  0.00,  0.00,  0.00,  0.00,  0.00,  0.00,  0.00,  4.00,  0.00,  0.00,  0.00,  0.00,  0.00,  0.00,  0.00,  0.00,  0.00,  0.00,  0.00,  5.00,  0.00,  0.00,  0.00,  0.00,  0.00,  0.00,  0.00,  0.00,  0.00,  0.00,  0.00,  1.00,  0.00,  0.00,  0.00,  0.00,  0.00,  0.00,  0.00, 22.00,  0.00,  0.00,  0.00,
 1.250,  0.00,  0.00,  0.00,  0.00,  0.00,  0.00,  0.00,  0.00,  0.00,  0.00,  0.00,  0.00,  0.00,  0.00,  0.00,  0.00,  0.00,  0.00,  0.00,  0.00,  0.00,  0.00,  0.00,  0.00,  0.00,  0.00,  0.00,  0.00,  0.00,  0.00,  0.00,  0.00,  0.00,  0.00,  0.00,  0.00,  5.00,  0.00,  0.00,  0.00,  0.00,  0.00,  0.00,  0.00,  0.00,  0.00,  0.00,  0.00,  6.00,  0.00,  0.00,  0.00,  0.00,  0.00,  0.00,  0.00,  0.00,  0.00,  0.00,  0.00,  4.00,  0.00,  0.00,  0.00,  0.00,  0.00,  0.00,  0.00,  0.00,  0.00,  0.00,  0.00,  5.00,  0.00,  0.00,  0.00,  0.00,  0.00,  0.00,  0.00,  0.00,  0.00,  0.00,  0.00,  1.00,  0.00,  0.00,  0.00,  0.00,  0.00,  0.00,  0.00, 22.00,  0.00,  0.00,  0.00,
 1.500,  0.00,  0.00,  0.00,  0.00,  0.00,  0.00,  0.00,  0.00,  0.00,  0.00,  0.00,  2.00,  0.00,  0.00,  0.00,  0.00,  0.00,  0.00,  0.00,  0.00,  0.00,  0.00,  0.00,  0.00,  0.00,  0.00,  0.00,  0.00,  0.00,  0.00,  0.00,  0.00,  0.00,  0.00,  0.00,  0.00,  5.00,  0.00,  0.00,  0.00,  0.00,  0.00,  0.00,  0.00,  0.00,  0.00,  0.00,  0.00,  6.00,  0.00,  0.00,  0.00,  0.00,  0.00,  0.00,  0.00,  0.00,  0.00,  0.00,  0.00,  2.00,  0.00,  0.00,  0.00,  0.00,  0.00,  0.00,  0.00,  0.00,  0.00,  0.00,  0.00,  3.00,  0.00,  0.00,  0.00,  0.00,  0.00,  0.00,  0.00,  0.00,  0.00,  0.00,  0.00,  1.00,  0.00,  0.00,  0.00,  0.00,  0.00,  0.00,  0.00, 18.00,  0.00,  0.00,  0.00,
 1.750,  0.00,  0.00,  0.00,  0.00,  0.00,  0.00,  0.00,  0.00,  0.00,  0.00,  0.00,  2.00,  0.00,  0.00,  0.00,  0.00,  0.00,  0.00,  0.00,  0.00,  0.00,  0.00,  0.00,  0.00,  0.00,  0.00,  0.00,  0.00,  0.00,  0.00,  0.00,  0.00,  0.00,  0.00,  0.00,  0.00,  5.00,  0.00,  0.00,  0.00,  0.00,  0.00,  0.00,  0.00,  0.00,  0.00,  0.00,  0.00,  6.00,  0.00,  0.00,  0.00,  0.00,  0.00,  0.00,  0.00,  0.00,  0.00,  0.00,  0.00,  2.00,  0.00,  0.00,  0.00,  0.00,  0.00,  0.00,  0.00,  0.00,  0.00,  0.00,  0.00,  3.00,  0.00,  0.00,  0.00,  0.00,  0.00,  0.00,  0.00,  0.00,  0.00,  0.00,  0.00,  1.00,  0.00,  0.00,  0.00,  0.00,  0.00,  0.00,  0.00, 18.00,  0.00,  0.00,  0.00,
 2.000,  0.00,  0.00,  0.00,  0.00,  0.00,  0.00,  0.00,  0.00,  0.00,  0.00,  0.00,  2.00,  0.00,  0.00,  0.00,  0.00,  0.00,  0.00,  0.00,  0.00,  0.00,  0.00,  0.00,  0.00,  0.00,  0.00,  0.00,  0.00,  0.00,  0.00,  0.00,  0.00,  0.00,  0.00,  0.00,  0.00,  5.00,  0.00,  0.00,  0.00,  0.00,  0.00,  0.00,  0.00,  0.00,  0.00,  0.00,  0.00,  6.00,  0.00,  0.00,  0.00,  0.00,  0.00,  0.00,  0.00,  0.00,  0.00,  0.00,  0.00,  2.00,  0.00,  0.00,  0.00,  0.00,  0.00,  0.00,  0.00,  0.00,  0.00,  0.00,  0.00,  3.00,  0.00,  0.00,  0.00,  0.00,  0.00,  0.00,  0.00,  0.00,  0.00,  0.00,  0.00,  1.00,  0.00,  0.00,  0.00,  0.00,  0.00,  0.00,  0.00, 18.00,  0.00,  0.00,  0.00,
 2.250,  0.00,  0.00,  0.00,  0.00,  0.00,  0.00,  0.00,  0.00,  0.00,  0.00,  0.00,  2.00,  0.00,  0.00,  0.00,  0.00,  0.00,  0.00,  0.00,  0.00,  0.00,  0.00,  0.00,  0.00,  0.00,  0.00,  0.00,  0.00,  0.00,  0.00,  0.00,  0.00,  0.00,  0.00,  0.00,  0.00,  5.00,  0.00,  0.00,  0.00,  0.00,  0.00,  0.00,  0.00,  0.00,  0.00,  0.00,  0.00,  6.00,  0.00,  0.00,  0.00,  0.00,  0.00,  0.00,  0.00,  0.00,  0.00,  0.00,  0.00,  2.00,  0.00,  0.00,  0.00,  0.00,  0.00,  0.00,  0.00,  0.00,  0.00,  0.00,  0.00,  3.00,  0.00,  0.00,  0.00,  0.00,  0.00,  0.00,  0.00,  0.00,  0.00,  0.00,  0.00,  1.00,  0.00,  0.00,  0.00,  0.00,  0.00,  0.00,  0.00, 18.00,  0.00,  0.00,  0.00,
 2.500,  0.00,  0.00,  0.00,  0.00,  0.00,  0.00,  0.00,  0.00,  0.00,  0.00,  0.00,  2.00,  0.00,  0.00,  0.00,  0.00,  0.00,  0.00,  0.00,  0.00,  0.00,  0.00,  0.00,  0.00,  0.00,  0.00,  0.00,  0.00,  0.00,  0.00,  0.00,  0.00,  0.00,  0.00,  0.00,  0.00,  5.00,  0.00,  0.00,  0.00,  0.00,  0.00,  0.00,  0.00,  0.00,  0.00,  0.00,  0.00,  6.00,  0.00,  0.00,  0.00,  0.00,  0.00,  0.00,  0.00,  0.00,  0.00,  0.00,  0.00,  2.00,  0.00,  0.00,  0.00,  0.00,  0.00,  0.00,  0.00,  0.00,  0.00,  0.00,  0.00,  3.00,  0.00,  0.00,  0.00,  0.00,  0.00,  0.00,  0.00,  0.00,  0.00,  0.00,  0.00,  1.00,  0.00,  0.00,  0.00,  0.00,  0.00,  0.00,  0.00, 18.00,  0.00,  0.00,  0.00,
 2.750,  0.00,  0.00,  0.00,  0.00,  0.00,  0.00,  0.00,  0.00,  0.00,  0.00,  0.00,  2.00,  0.00,  0.00,  0.00,  0.00,  0.00,  0.00,  0.00,  0.00,  0.00,  0.00,  0.00,  0.00,  0.00,  0.00,  0.00,  0.00,  0.00,  0.00,  0.00,  0.00,  0.00,  0.00,  0.00,  0.00,  5.00,  0.00,  0.00,  0.00,  0.00,  0.00,  0.00,  0.00,  0.00,  0.00,  0.00,  0.00,  6.00,  0.00,  0.00,  0.00,  0.00,  0.00,  0.00,  0.00,  0.00,  0.00,  0.00,  0.00,  2.00,  0.00,  0.00,  0.00,  0.00,  0.00,  0.00,  0.00,  0.00,  0.00,  0.00,  0.00,  3.00,  0.00,  0.00,  0.00,  0.00,  0.00,  0.00,  0.00,  0.00,  0.00,  0.00,  0.00,  1.00,  0.00,  0.00,  0.00,  0.00,  0.00,  0.00,  0.00, 18.00,  0.00,  0.00,  0.00,
 3.000,  0.00,  0.00,  0.00,  0.00,  0.00,  7.00,  0.00,  0.00,  0.00,  0.00,  0.00,  2.00,  0.00,  0.00,  0.00,  0.00,  0.00,  0.00,  0.00,  0.00,  0.00,  0.00,  0.00,  0.00,  0.00,  0.00,  0.00,  0.00,  0.00,  0.00,  0.00,  0.00,  0.00,  0.00,  0.00,  0.00,  5.00,  0.00,  0.00,  0.00,  0.00,  0.00,  0.00,  0.00,  0.00,  0.00,  0.00,  0.00,  6.00,  0.00,  0.00,  0.00,  0.00,  0.00,  0.00,  0.00,  0.00,  0.00,  0.00,  0.00,  2.00,  0.00,  0.00,  0.00,  0.00,  0.00,  0.00,  0.00,  0.00,  0.00,  0.00,  0.00,  3.00,  0.00,  0.00,  0.00,  0.00,  0.00,  0.00,  0.00,  0.00,  0.00,  0.00,  0.00,  1.00,  0.00,  0.00,  0.00,  0.00,  0.00,  0.00,  0.00, 18.00,  0.00,  0.00,  0.00,
 3.250,  0.00,  0.00,  0.00,  0.00,  0.00, 10.00,  0.00,  0.00,  0.00,  0.00,  0.00,  2.00,  0.00,  0.00,  0.00,  0.00,  0.00,  0.00,  0.00,  0.00,  0.00,  0.00,  0.00,  0.00,  0.00,  0.00,  0.00,  0.00,  0.00,  0.00,  0.00,  0.00,  0.00,  0.00,  0.00,  0.00,  5.00,  0.00,  0.00,  0.00,  0.00,  0.00,  0.00,  0.00,  0.00,  0.00,  0.00,  0.00,  6.00,  0.00,  0.00,  0.00,  0.00,  0.00,  0.00,  0.00,  0.00,  0.00,  0.00,  0.00,  2.00,  0.00,  0.00,  0.00,  0.00,  0.00,  0.00,  0.00,  0.00,  0.00,  0.00,  0.00,  3.00,  0.00,  0.00,  0.00,  0.00,  0.00,  0.00,  0.00,  0.00,  0.00,  0.00,  0.00,  1.00,  0.00,  0.00,  0.00,  0.00,  0.00,  0.00,  0.00, 18.00,  0.00,  0.00,  0.00,
 3.500,  0.00,  0.00,  0.00,  0.00,  0.00, 17.00,  0.00,  0.00,  0.00,  0.00,  0.00,  3.00,  0.00,  0.00,  0.00,  0.00,  0.00,  0.00,  0.00,  0.00,  0.00,  0.00,  0.00,  0.00,  0.00,  0.00,  0.00,  0.00,  0.00,  0.00,  0.00,  0.00,  0.00,  0.00,  0.00,  0.00,  4.00,  0.00,  0.00,  0.00,  0.00,  0.00,  0.00,  0.00,  0.00,  0.00,  0.00,  0.00,  6.00,  0.00,  0.00,  0.00,  0.00,  0.00,  0.00,  0.00,  0.00,  0.00,  0.00,  0.00,  1.00,  0.00,  0.00,  0.00,  0.00,  0.00,  0.00,  0.00,  0.00,  0.00,  0.00,  0.00,  2.00,  0.00,  0.00,  0.00,  0.00,  0.00,  0.00,  0.00,  0.00,  0.00,  0.00,  0.00,  0.00,  0.00,  0.00,  0.00,  0.00,  0.00,  0.00,  0.00, 17.00,  0.00,  0.00,  0.00,
 3.750,  0.00,  0.00,  0.00,  0.00,  0.00, 19.00,  0.00,  0.00,  0.00,  0.00,  0.00,  3.00,  0.00,  0.00,  0.00,  0.00,  0.00,  0.00,  0.00,  0.00,  0.00,  0.00,  0.00,  0.00,  0.00,  0.00,  0.00,  0.00,  0.00,  0.00,  0.00,  0.00,  0.00,  0.00,  0.00,  0.00,  6.00,  0.00,  0.00,  0.00,  0.00,  0.00,  0.00,  0.00,  0.00,  0.00,  0.00,  0.00,  6.00,  0.00,  0.00,  0.00,  0.00,  0.00,  0.00,  0.00,  0.00,  0.00,  0.00,  0.00,  1.00,  0.00,  0.00,  0.00,  0.00,  0.00,  0.00,  0.00,  0.00,  0.00,  0.00,  0.00,  2.00,  0.00,  0.00,  0.00,  0.00,  0.00,  0.00,  0.00,  0.00,  0.00,  0.00,  0.00,  0.00,  0.00,  0.00,  0.00,  0.00,  0.00,  0.00,  0.00, 17.00,  0.00,  0.00,  0.00,
 4.000,  0.00,  0.00,  0.00,  0.00,  0.00, 24.00,  0.00,  1.00,  0.00,  0.00,  0.00,  3.00,  1.00,  0.00,  0.00,  0.00,  0.00,  0.00,  0.00,  0.00,  0.00,  0.00,  0.00,  0.00,  1.00,  0.00,  0.00,  0.00,  0.00,  0.00,  0.00,  0.00,  0.00,  0.00,  0.00,  0.00,  9.00,  0.00,  0.00,  0.00,  0.00,  0.00,  0.00,  0.00,  0.00,  0.00,  0.00,  0.00, 10.00,  0.00,  0.00,  0.00,  0.00,  0.00,  0.00,  0.00,  0.00,  0.00,  0.00,  0.00,  1.00,  0.00,  0.00,  0.00,  0.00,  0.00,  0.00,  0.00,  0.00,  0.00,  0.00,  0.00,  2.00,  0.00,  0.00,  0.00,  0.00,  0.00,  0.00,  0.00,  0.00,  0.00,  0.00,  0.00,  0.00,  0.00,  0.00,  0.00,  0.00,  0.00,  0.00,  0.00, 17.00,  0.00,  0.00,  0.00,
 4.250,  0.00,  2.00,  0.00,  0.00,  0.00, 28.00,  0.00,  1.00,  0.00,  0.00,  0.00,  4.00,  0.00,  0.00,  0.00,  0.00,  0.00,  0.00,  0.00,  0.00,  0.00,  0.00,  0.00,  0.00,  1.00,  0.00,  0.00,  0.00,  0.00,  0.00,  0.00,  0.00,  0.00,  0.00,  0.00,  0.00,  8.00,  0.00,  0.00,  0.00,  0.00,  0.00,  0.00,  0.00,  0.00,  0.00,  0.00,  0.00, 10.00,  0.00,  0.00,  0.00,  0.00,  0.00,  0.00,  0.00,  0.00,  0.00,  0.00,  0.00,  1.00,  0.00,  0.00,  0.00,  0.00,  0.00,  0.00,  0.00,  0.00,  0.00,  0.00,  0.00,  0.00,  0.00,  0.00,  0.00,  0.00,  0.00,  0.00,  0.00,  0.00,  0.00,  0.00,  0.00,  0.00,  0.00,  0.00,  0.00,  0.00,  0.00,  0.00,  0.00, 15.00,  0.00,  0.00,  0.00,
 4.500,  0.00,  2.00,  0.00,  0.00,  0.00, 28.00,  0.00,  1.00,  0.00,  0.00,  0.00,  4.00,  0.00,  0.00,  0.00,  0.00,  0.00,  0.00,  0.00,  0.00,  0.00,  0.00,  0.00,  0.00,  1.00,  0.00,  0.00,  0.00,  0.00,  0.00,  0.00,  0.00,  0.00,  0.00,  0.00,  0.00,  8.00,  0.00,  0.00,  0.00,  0.00,  0.00,  0.00,  0.00,  0.00,  0.00,  0.00,  0.00, 10.00,  0.00,  0.00,  0.00,  0.00,  0.00,  0.00,  0.00,  0.00,  0.00,  0.00,  0.00,  1.00,  0.00,  0.00,  0.00,  0.00,  0.00,  0.00,  0.00,  0.00,  0.00,  0.00,  0.00,  0.00,  0.00,  0.00,  0.00,  0.00,  0.00,  0.00,  0.00,  0.00,  0.00,  0.00,  0.00,  0.00,  0.00,  0.00,  0.00,  0.00,  0.00,  0.00,  0.00, 15.00,  0.00,  0.00,  0.00,
 4.750,  0.00,  2.00,  0.00,  0.00,  0.00, 34.00,  0.00,  1.00,  0.00,  0.00,  0.00,  4.00,  0.00,  0.00,  0.00,  0.00,  0.00,  0.00,  0.00,  0.00,  0.00,  0.00,  0.00,  0.00,  1.00,  0.00,  0.00,  0.00,  0.00,  0.00,  0.00,  0.00,  0.00,  0.00,  0.00,  0.00,  9.00,  0.00,  0.00,  0.00,  0.00,  0.00,  0.00,  0.00,  0.00,  0.00,  0.00,  0.00, 10.00,  0.00,  0.00,  0.00,  0.00,  0.00,  0.00,  0.00,  0.00,  0.00,  0.00,  0.00,  2.00,  0.00,  0.00,  0.00,  0.00,  0.00,  0.00,  0.00,  0.00,  0.00,  0.00,  0.00,  0.00,  0.00,  0.00,  0.00,  0.00,  0.00,  0.00,  0.00,  0.00,  0.00,  0.00,  0.00,  0.00,  0.00,  0.00,  0.00,  0.00,  0.00,  0.00,  0.00, 15.00,  0.00,  0.00,  0.00,
 5.000,  0.00,  1.00,  0.00,  0.00,  0.00, 42.00,  0.00,  0.00,  0.00,  0.00,  0.00,  3.00,  1.00,  0.00,  0.00,  0.00,  0.00,  0.00,  0.00,  0.00,  0.00,  0.00,  0.00,  0.00,  0.00,  0.00,  0.00,  0.00,  0.00,  0.00,  0.00,  0.00,  0.00,  0.00,  0.00,  0.00,  9.00,  0.00,  0.00,  0.00,  0.00,  0.00,  0.00,  0.00,  0.00,  0.00,  0.00,  0.00,  9.00,  0.00,  0.00,  0.00,  0.00,  0.00,  0.00,  0.00,  0.00,  0.00,  0.00,  0.00,  1.00,  0.00,  0.00,  0.00,  0.00,  0.00,  0.00,  0.00,  0.00,  0.00,  0.00,  0.00,  0.00,  0.00,  0.00,  0.00,  0.00,  0.00,  0.00,  0.00,  0.00,  0.00,  0.00,  0.00,  0.00,  0.00,  0.00,  0.00,  0.00,  0.00,  0.00,  0.00, 14.00,  0.00,  0.00,  0.00,
 5.250,  0.00,  0.00,  0.00,  0.00,  0.00, 41.00,  0.00,  3.00,  0.00,  0.00,  0.00,  4.00,  0.00,  0.00,  0.00,  0.00,  0.00,  0.00,  0.00,  0.00,  0.00,  0.00,  0.00,  0.00,  0.00,  0.00,  0.00,  0.00,  0.00,  0.00,  0.00,  0.00,  0.00,  0.00,  0.00,  0.00, 10.00,  0.00,  0.00,  0.00,  0.00,  0.00,  0.00,  0.00,  0.00,  0.00,  0.00,  0.00,  8.00,  0.00,  0.00,  0.00,  0.00,  0.00,  0.00,  0.00,  0.00,  0.00,  0.00,  0.00,  4.00,  0.00,  0.00,  0.00,  0.00,  0.00,  0.00,  0.00,  0.00,  0.00,  0.00,  0.00,  1.00,  0.00,  0.00,  0.00,  0.00,  0.00,  0.00,  0.00,  0.00,  0.00,  0.00,  0.00,  0.00,  0.00,  0.00,  0.00,  0.00,  0.00,  0.00,  0.00, 13.00,  0.00,  0.00,  0.00,
 5.500,  0.00,  0.00,  1.00,  1.00,  0.00, 46.00,  0.00,  2.00,  0.00,  0.00,  0.00,  3.00,  3.00,  6.00,  0.00,  0.00,  0.00,  0.00,  0.00,  0.00,  0.00,  0.00,  0.00,  0.00,  0.00,  0.00,  0.00,  0.00,  0.00,  0.00,  0.00,  0.00,  0.00,  0.00,  0.00,  0.00, 12.00,  0.00,  0.00,  0.00,  0.00,  0.00,  0.00,  0.00,  0.00,  0.00,  0.00,  0.00, 10.00,  0.00,  0.00,  0.00,  0.00,  0.00,  0.00,  0.00,  0.00,  0.00,  0.00,  0.00,  3.00,  0.00,  0.00,  0.00,  0.00,  0.00,  0.00,  0.00,  0.00,  0.00,  0.00,  0.00,  0.00,  0.00,  0.00,  0.00,  0.00,  0.00,  0.00,  0.00,  0.00,  0.00,  0.00,  0.00,  0.00,  0.00,  0.00,  0.00,  0.00,  0.00,  0.00,  0.00, 12.00,  0.00,  0.00,  0.00,
 5.750,  0.00,  0.00,  0.00,  0.00,  0.00, 49.00,  0.00,  0.00,  0.00,  0.00,  0.00,  1.00,  1.00,  4.00,  0.00,  0.00,  0.00,  0.00,  0.00,  0.00,  0.00,  0.00,  0.00,  0.00,  0.00,  0.00,  0.00,  0.00,  0.00,  0.00,  0.00,  0.00,  0.00,  0.00,  0.00,  0.00, 10.00,  0.00,  0.00,  0.00,  0.00,  0.00,  0.00,  0.00,  0.00,  0.00,  0.00,  0.00,  8.00,  0.00,  0.00,  0.00,  0.00,  0.00,  0.00,  0.00,  0.00,  0.00,  0.00,  0.00,  1.00,  0.00,  0.00,  0.00,  0.00,  0.00,  0.00,  0.00,  0.00,  0.00,  0.00,  0.00,  0.00,  0.00,  0.00,  0.00,  0.00,  0.00,  0.00,  0.00,  0.00,  0.00,  0.00,  0.00,  0.00,  0.00,  0.00,  0.00,  0.00,  0.00,  0.00,  0.00, 10.00,  0.00,  0.00,  0.00,
 6.000,  0.00,  0.00,  0.00,  0.00,  0.00, 52.00,  0.00,  0.00,  0.00,  0.00,  0.00,  1.00,  1.00,  4.00,  0.00,  0.00,  0.00,  0.00,  0.00,  0.00,  0.00,  0.00,  0.00,  0.00,  0.00,  0.00,  0.00,  0.00,  0.00,  0.00,  0.00,  0.00,  0.00,  0.00,  0.00,  0.00, 10.00,  0.00,  0.00,  0.00,  0.00,  0.00,  0.00,  0.00,  0.00,  0.00,  0.00,  0.00,  8.00,  0.00,  0.00,  0.00,  0.00,  0.00,  0.00,  0.00,  0.00,  0.00,  0.00,  0.00,  1.00,  0.00,  0.00,  0.00,  0.00,  0.00,  0.00,  0.00,  0.00,  0.00,  0.00,  0.00,  0.00,  0.00,  0.00,  0.00,  0.00,  0.00,  0.00,  0.00,  0.00,  0.00,  0.00,  0.00,  0.00,  0.00,  0.00,  0.00,  0.00,  0.00,  0.00,  0.00, 10.00,  0.00,  0.00,  0.00,
 6.250,  0.00,  0.00,  0.00,  0.00,  0.00, 52.00,  0.00,  0.00,  0.00,  0.00,  0.00,  1.00,  1.00,  4.00,  0.00,  0.00,  0.00,  0.00,  0.00,  0.00,  0.00,  0.00,  0.00,  0.00,  0.00,  0.00,  0.00,  0.00,  0.00,  0.00,  0.00,  0.00,  0.00,  0.00,  0.00,  0.00, 10.00,  0.00,  0.00,  0.00,  0.00,  0.00,  0.00,  0.00,  0.00,  0.00,  0.00,  0.00,  8.00,  0.00,  0.00,  0.00,  0.00,  0.00,  0.00,  0.00,  0.00,  0.00,  0.00,  0.00,  1.00,  0.00,  0.00,  0.00,  0.00,  0.00,  0.00,  0.00,  0.00,  0.00,  0.00,  0.00,  0.00,  0.00,  0.00,  0.00,  0.00,  0.00,  0.00,  0.00,  0.00,  0.00,  0.00,  0.00,  0.00,  0.00,  0.00,  0.00,  0.00,  0.00,  0.00,  0.00, 10.00,  0.00,  0.00,  0.00,
 6.500,  0.00,  0.00,  0.00,  0.00,  0.00, 47.00,  0.00,  0.00,  0.00,  0.00,  0.00,  0.00,  0.00,  6.00,  0.00,  0.00,  0.00,  0.00,  0.00,  0.00,  0.00,  0.00,  0.00,  0.00,  0.00,  0.00,  0.00,  0.00,  0.00,  0.00,  0.00,  0.00,  0.00,  0.00,  0.00,  0.00, 11.00,  0.00,  0.00,  0.00,  0.00,  0.00,  0.00,  0.00,  0.00,  0.00,  0.00,  0.00,  3.00,  0.00,  0.00,  0.00,  0.00,  0.00,  0.00,  0.00,  0.00,  0.00,  0.00,  0.00,  0.00,  0.00,  0.00,  0.00,  0.00,  0.00,  0.00,  0.00,  0.00,  0.00,  0.00,  0.00,  0.00,  0.00,  0.00,  0.00,  0.00,  0.00,  0.00,  0.00,  0.00,  0.00,  0.00,  0.00,  0.00,  0.00,  0.00,  0.00,  0.00,  0.00,  0.00,  0.00,  5.00,  0.00,  0.00,  0.00,
 6.750,  0.00,  0.00,  0.00,  0.00,  0.00, 49.00,  0.00,  0.00,  0.00,  0.00,  0.00,  0.00,  0.00,  8.00,  0.00,  0.00,  0.00,  0.00,  0.00,  0.00,  0.00,  0.00,  0.00,  0.00,  0.00,  0.00,  0.00,  0.00,  0.00,  0.00,  0.00,  0.00,  0.00,  0.00,  0.00,  0.00, 11.00,  0.00,  0.00,  0.00,  0.00,  0.00,  0.00,  0.00,  0.00,  0.00,  0.00,  0.00,  3.00,  0.00,  0.00,  0.00,  0.00,  0.00,  0.00,  0.00,  0.00,  0.00,  0.00,  0.00,  0.00,  0.00,  0.00,  0.00,  0.00,  0.00,  0.00,  0.00,  0.00,  0.00,  0.00,  0.00,  0.00,  0.00,  0.00,  0.00,  0.00,  0.00,  0.00,  0.00,  0.00,  0.00,  0.00,  0.00,  0.00,  0.00,  0.00,  0.00,  0.00,  0.00,  0.00,  0.00,  5.00,  0.00,  0.00,  0.00,
 7.000,  0.00,  0.00,  0.00,  0.00,  0.00, 51.00,  0.00,  0.00,  0.00,  0.00,  0.00,  0.00,  0.00,  6.00,  0.00,  0.00,  0.00,  0.00,  0.00,  0.00,  0.00,  0.00,  0.00,  0.00,  0.00,  0.00,  0.00,  0.00,  0.00,  0.00,  0.00,  0.00,  0.00,  0.00,  0.00,  0.00, 12.00,  0.00,  0.00,  0.00,  0.00,  0.00,  0.00,  0.00,  0.00,  0.00,  0.00,  0.00,  0.00,  0.00,  0.00,  0.00,  0.00,  0.00,  0.00,  0.00,  0.00,  0.00,  0.00,  0.00,  0.00,  0.00,  0.00,  0.00,  0.00,  0.00,  0.00,  0.00,  0.00,  0.00,  0.00,  0.00,  0.00,  0.00,  0.00,  0.00,  0.00,  0.00,  0.00,  0.00,  0.00,  0.00,  0.00,  0.00,  0.00,  0.00,  0.00,  0.00,  0.00,  0.00,  0.00,  0.00,  2.00,  0.00,  0.00,  0.00,
 7.250,  0.00,  0.00,  0.00,  0.00,  0.00, 51.00,  0.00,  0.00,  0.00,  0.00,  0.00,  0.00,  0.00,  7.00,  0.00,  0.00,  0.00,  0.00,  0.00,  0.00,  0.00,  0.00,  0.00,  0.00,  0.00,  0.00,  0.00,  0.00,  0.00,  0.00,  0.00,  0.00,  0.00,  0.00,  0.00,  0.00, 13.00,  0.00,  0.00,  0.00,  0.00,  0.00,  0.00,  0.00,  0.00,  0.00,  0.00,  0.00,  0.00,  0.00,  0.00,  0.00,  0.00,  0.00,  0.00,  0.00,  0.00,  0.00,  0.00,  0.00,  0.00,  0.00,  0.00,  0.00,  0.00,  0.00,  0.00,  0.00,  0.00,  0.00,  0.00,  0.00,  0.00,  0.00,  0.00,  0.00,  0.00,  0.00,  0.00,  0.00,  0.00,  0.00,  0.00,  0.00,  0.00,  0.00,  0.00,  0.00,  0.00,  0.00,  0.00,  0.00,  2.00,  0.00,  0.00,  0.00,
 7.500,  0.00,  0.00,  0.00,  0.00,  0.00, 51.00,  0.00,  0.00,  0.00,  0.00,  0.00,  0.00,  0.00,  7.00,  0.00,  0.00,  0.00,  0.00,  0.00,  0.00,  0.00,  0.00,  0.00,  0.00,  0.00,  0.00,  0.00,  0.00,  0.00,  0.00,  0.00,  0.00,  0.00,  0.00,  0.00,  0.00, 13.00,  0.00,  0.00,  0.00,  0.00,  0.00,  0.00,  0.00,  0.00,  0.00,  0.00,  0.00,  0.00,  0.00,  0.00,  0.00,  0.00,  0.00,  0.00,  0.00,  0.00,  0.00,  0.00,  0.00,  0.00,  0.00,  0.00,  0.00,  0.00,  0.00,  0.00,  0.00,  0.00,  0.00,  0.00,  0.00,  0.00,  0.00,  0.00,  0.00,  0.00,  0.00,  0.00,  0.00,  0.00,  0.00,  0.00,  0.00,  0.00,  0.00,  0.00,  0.00,  0.00,  0.00,  0.00,  0.00,  2.00,  0.00,  0.00,  0.00,
 7.750,  0.00,  0.00,  0.00,  0.00,  0.00, 51.00,  0.00,  0.00,  0.00,  0.00,  0.00,  0.00,  0.00,  9.00,  0.00,  0.00,  0.00,  0.00,  0.00,  0.00,  0.00,  0.00,  0.00,  0.00,  0.00,  0.00,  0.00,  0.00,  0.00,  0.00,  0.00,  0.00,  0.00,  0.00,  0.00,  0.00, 13.00,  0.00,  0.00,  0.00,  0.00,  0.00,  0.00,  0.00,  0.00,  0.00,  0.00,  0.00,  0.00,  0.00,  0.00,  0.00,  0.00,  0.00,  0.00,  0.00,  0.00,  0.00,  0.00,  0.00,  0.00,  0.00,  0.00,  0.00,  0.00,  0.00,  0.00,  0.00,  0.00,  0.00,  0.00,  0.00,  0.00,  0.00,  0.00,  0.00,  0.00,  0.00,  0.00,  0.00,  0.00,  0.00,  0.00,  0.00,  0.00,  0.00,  0.00,  0.00,  0.00,  0.00,  0.00,  0.00,  2.00,  0.00,  0.00,  0.00,
 8.000,  0.00,  0.00,  0.00,  0.00,  0.00, 51.00,  0.00,  0.00,  0.00,  0.00,  0.00,  0.00,  0.00,  9.00,  0.00,  0.00,  0.00,  0.00,  0.00,  0.00,  0.00,  0.00,  0.00,  0.00,  0.00,  0.00,  0.00,  0.00,  0.00,  0.00,  0.00,  0.00,  0.00,  0.00,  0.00,  0.00, 13.00,  0.00,  0.00,  0.00,  0.00,  0.00,  0.00,  0.00,  0.00,  0.00,  0.00,  0.00,  0.00,  0.00,  0.00,  0.00,  0.00,  0.00,  0.00,  0.00,  0.00,  0.00,  0.00,  0.00,  0.00,  0.00,  0.00,  0.00,  0.00,  0.00,  0.00,  0.00,  0.00,  0.00,  0.00,  0.00,  0.00,  0.00,  0.00,  0.00,  0.00,  0.00,  0.00,  0.00,  0.00,  0.00,  0.00,  0.00,  0.00,  0.00,  0.00,  0.00,  0.00,  0.00,  0.00,  0.00,  2.00,  0.00,  0.00,  0.00,
 8.250,  0.00,  0.00,  0.00,  0.00,  0.00, 52.00,  0.00,  0.00,  0.00,  0.00,  0.00,  0.00,  0.00, 12.00,  0.00,  0.00,  0.00,  0.00,  0.00,  0.00,  0.00,  0.00,  0.00,  2.00,  0.00,  0.00,  0.00,  0.00,  0.00,  0.00,  0.00,  0.00,  0.00,  0.00,  0.00,  0.00, 13.00,  0.00,  0.00,  0.00,  0.00,  0.00,  0.00,  0.00,  0.00,  0.00,  0.00,  0.00,  0.00,  0.00,  0.00,  0.00,  0.00,  0.00,  0.00,  0.00,  0.00,  0.00,  0.00,  0.00,  0.00,  0.00,  0.00,  0.00,  0.00,  0.00,  0.00,  0.00,  0.00,  0.00,  0.00,  0.00,  0.00,  0.00,  0.00,  0.00,  0.00,  0.00,  0.00,  0.00,  0.00,  0.00,  0.00,  0.00,  0.00,  0.00,  0.00,  0.00,  0.00,  0.00,  0.00,  0.00,  2.00,  0.00,  0.00,  0.00,
 8.500,  0.00,  0.00,  0.00,  0.00,  0.00, 57.00,  0.00,  0.00,  0.00,  0.00,  0.00,  0.00,  2.00, 17.00,  0.00,  0.00,  0.00,  0.00,  0.00,  0.00,  0.00,  0.00,  0.00,  4.00,  0.00,  0.00,  0.00,  0.00,  0.00,  0.00,  0.00,  0.00,  0.00,  0.00,  0.00,  0.00, 14.00,  0.00,  0.00,  0.00,  0.00,  0.00,  0.00,  0.00,  0.00,  0.00,  0.00,  0.00,  0.00,  0.00,  0.00,  0.00,  0.00,  0.00,  0.00,  0.00,  0.00,  0.00,  0.00,  0.00,  0.00,  0.00,  2.00,  0.00,  0.00,  0.00,  0.00,  0.00,  0.00,  0.00,  0.00,  0.00,  0.00,  0.00,  0.00,  0.00,  0.00,  0.00,  0.00,  0.00,  0.00,  0.00,  0.00,  0.00,  0.00,  0.00,  0.00,  0.00,  0.00,  0.00,  0.00,  0.00,  2.00,  0.00,  0.00,  0.00,
 8.750,  0.00,  0.00,  0.00,  0.00,  0.00, 62.00,  0.00,  0.00,  0.00,  0.00,  0.00,  0.00,  3.00, 17.00,  0.00,  0.00,  0.00,  0.00,  0.00,  0.00,  0.00,  0.00,  0.00,  6.00,  0.00,  0.00,  0.00,  0.00,  0.00,  0.00,  0.00,  0.00,  0.00,  0.00,  0.00,  0.00, 14.00,  0.00,  0.00,  0.00,  0.00,  0.00,  0.00,  0.00,  0.00,  0.00,  0.00,  0.00,  0.00,  0.00,  0.00,  0.00,  0.00,  0.00,  0.00,  0.00,  0.00,  0.00,  0.00,  0.00,  0.00,  0.00,  2.00,  0.00,  0.00,  0.00,  0.00,  0.00,  0.00,  0.00,  0.00,  0.00,  0.00,  0.00,  0.00,  0.00,  0.00,  0.00,  0.00,  0.00,  0.00,  0.00,  0.00,  0.00,  0.00,  0.00,  0.00,  0.00,  0.00,  0.00,  0.00,  0.00,  2.00,  0.00,  0.00,  0.00,
 9.000,  0.00,  0.00,  0.00,  0.00,  0.00, 64.00,  0.00,  0.00,  0.00,  0.00,  0.00,  0.00,  4.00, 20.00,  0.00,  0.00,  0.00,  0.00,  0.00,  0.00,  0.00,  0.00,  0.00,  6.00,  0.00,  0.00,  0.00,  0.00,  0.00,  0.00,  0.00,  0.00,  0.00,  0.00,  0.00,  0.00, 18.00,  0.00,  0.00,  0.00,  0.00,  0.00,  0.00,  0.00,  0.00,  0.00,  0.00,  0.00,  0.00,  0.00,  0.00,  0.00,  0.00,  0.00,  0.00,  0.00,  0.00,  0.00,  0.00,  0.00,  0.00,  0.00,  5.00,  0.00,  0.00,  0.00,  0.00,  0.00,  0.00,  0.00,  0.00,  0.00,  0.00,  0.00,  0.00,  0.00,  0.00,  0.00,  0.00,  0.00,  0.00,  0.00,  0.00,  0.00,  0.00,  0.00,  0.00,  0.00,  0.00,  0.00,  0.00,  0.00,  2.00,  0.00,  0.00,  0.00,
 9.250,  0.00,  0.00,  0.00,  0.00,  0.00, 64.00,  0.00,  0.00,  0.00,  0.00,  0.00,  0.00,  6.00, 20.00,  0.00,  0.00,  0.00,  0.00,  0.00,  0.00,  0.00,  0.00,  0.00, 12.00,  0.00,  0.00,  0.00,  0.00,  0.00,  0.00,  0.00,  0.00,  0.00,  0.00,  0.00,  0.00, 16.00,  0.00,  0.00,  0.00,  0.00,  0.00,  0.00,  0.00,  0.00,  0.00,  0.00,  0.00,  0.00,  0.00,  0.00,  0.00,  0.00,  0.00,  0.00,  0.00,  0.00,  0.00,  0.00,  0.00,  0.00,  0.00,  3.00,  0.00,  0.00,  0.00,  0.00,  0.00,  0.00,  0.00,  0.00,  0.00,  0.00,  0.00,  0.00,  0.00,  0.00,  0.00,  0.00,  0.00,  0.00,  0.00,  0.00,  0.00,  0.00,  0.00,  0.00,  0.00,  0.00,  0.00,  0.00,  0.00,  0.00,  0.00,  0.00,  0.00,
 9.500,  0.00,  0.00,  0.00,  0.00,  0.00, 65.00,  0.00,  0.00,  0.00,  0.00,  0.00,  0.00,  6.00, 23.00,  0.00,  0.00,  0.00,  0.00,  0.00,  0.00,  0.00,  0.00,  0.00, 16.00,  0.00,  0.00,  0.00,  0.00,  0.00,  0.00,  0.00,  0.00,  0.00,  0.00,  0.00,  0.00, 17.00,  0.00,  0.00,  0.00,  0.00,  0.00,  0.00,  0.00,  0.00,  0.00,  0.00,  0.00,  0.00,  0.00,  0.00,  0.00,  0.00,  0.00,  0.00,  0.00,  0.00,  0.00,  0.00,  0.00,  0.00,  0.00,  3.00,  0.00,  0.00,  0.00,  0.00,  0.00,  0.00,  0.00,  0.00,  0.00,  0.00,  0.00,  0.00,  0.00,  0.00,  0.00,  0.00,  0.00,  0.00,  0.00,  0.00,  0.00,  0.00,  0.00,  0.00,  0.00,  0.00,  0.00,  0.00,  0.00,  0.00,  0.00,  0.00,  0.00,
 9.750,  0.00,  0.00,  0.00,  0.00,  0.00, 65.00,  0.00,  0.00,  0.00,  0.00,  0.00,  0.00,  6.00, 23.00,  0.00,  0.00,  0.00,  0.00,  0.00,  0.00,  0.00,  0.00,  0.00, 19.00,  0.00,  0.00,  0.00,  0.00,  0.00,  0.00,  0.00,  0.00,  0.00,  0.00,  0.00,  0.00, 17.00,  0.00,  0.00,  0.00,  0.00,  0.00,  0.00,  0.00,  0.00,  0.00,  0.00,  0.00,  0.00,  0.00,  0.00,  0.00,  0.00,  0.00,  0.00,  0.00,  0.00,  0.00,  0.00,  0.00,  0.00,  0.00,  6.00,  0.00,  0.00,  0.00,  0.00,  0.00,  0.00,  0.00,  0.00,  0.00,  0.00,  0.00,  0.00,  0.00,  0.00,  0.00,  0.00,  0.00,  0.00,  0.00,  0.00,  0.00,  0.00,  0.00,  0.00,  0.00,  0.00,  0.00,  0.00,  0.00,  0.00,  0.00,  0.00,  0.00,
10.000,  0.00,  0.00,  0.00,  0.00,  0.00, 67.00,  0.00,  0.00,  0.00,  0.00,  0.00,  0.00,  7.00, 23.00,  0.00,  0.00,  0.00,  0.00,  0.00,  0.00,  0.00,  0.00,  0.00, 19.00,  0.00,  0.00,  0.00,  0.00,  0.00,  0.00,  0.00,  0.00,  0.00,  0.00,  0.00,  0.00, 17.00,  0.00,  0.00,  0.00,  0.00,  0.00,  0.00,  0.00,  0.00,  0.00,  0.00,  0.00,  0.00,  0.00,  0.00,  0.00,  0.00,  0.00,  0.00,  0.00,  0.00,  0.00,  0.00,  0.00,  0.00,  0.00,  6.00,  0.00,  0.00,  0.00,  0.00,  0.00,  0.00,  0.00,  0.00,  0.00,  0.00,  0.00,  0.00,  0.00,  0.00,  0.00,  0.00,  0.00,  0.00,  0.00,  0.00,  0.00,  0.00,  0.00,  0.00,  0.00,  0.00,  0.00,  0.00,  0.00,  0.00,  0.00,  0.00,  0.00,
10.250,  0.00,  0.00,  0.00,  0.00,  0.00, 67.00,  0.00,  0.00,  0.00,  0.00,  0.00,  0.00,  7.00, 24.00,  0.00,  0.00,  0.00,  0.00,  0.00,  0.00,  0.00,  0.00,  0.00, 25.00,  0.00,  0.00,  0.00,  0.00,  0.00,  0.00,  0.00,  0.00,  0.00,  0.00,  0.00,  0.00, 18.00,  0.00,  0.00,  0.00,  0.00,  0.00,  0.00,  0.00,  0.00,  0.00,  0.00,  0.00,  0.00,  0.00,  0.00,  0.00,  0.00,  0.00,  0.00,  0.00,  0.00,  0.00,  0.00,  0.00,  0.00,  0.00,  6.00,  0.00,  0.00,  0.00,  0.00,  0.00,  0.00,  0.00,  0.00,  0.00,  0.00,  0.00,  0.00,  0.00,  0.00,  0.00,  0.00,  0.00,  0.00,  0.00,  0.00,  0.00,  0.00,  0.00,  0.00,  0.00,  0.00,  0.00,  0.00,  0.00,  0.00,  0.00,  0.00,  0.00,
10.500,  0.00,  0.00,  0.00,  0.00,  0.00, 68.00,  0.00,  0.00,  0.00,  0.00,  0.00,  0.00,  8.00, 24.00,  0.00,  0.00,  0.00,  0.00,  0.00,  0.00,  0.00,  0.00,  0.00, 25.00,  0.00,  0.00,  0.00,  0.00,  0.00,  0.00,  0.00,  0.00,  0.00,  0.00,  0.00,  0.00, 18.00,  0.00,  0.00,  0.00,  0.00,  0.00,  0.00,  0.00,  0.00,  0.00,  0.00,  0.00,  0.00,  0.00,  0.00,  0.00,  0.00,  0.00,  0.00,  0.00,  0.00,  0.00,  0.00,  0.00,  0.00,  0.00,  6.00,  0.00,  0.00,  0.00,  0.00,  0.00,  0.00,  0.00,  0.00,  0.00,  0.00,  0.00,  0.00,  0.00,  0.00,  0.00,  0.00,  0.00,  0.00,  0.00,  0.00,  0.00,  0.00,  0.00,  0.00,  0.00,  0.00,  0.00,  0.00,  0.00,  0.00,  0.00,  0.00,  0.00,
10.750,  0.00,  0.00,  0.00,  0.00,  0.00, 68.00,  0.00,  0.00,  0.00,  0.00,  0.00,  0.00,  8.00, 24.00,  0.00,  0.00,  0.00,  0.00,  0.00,  0.00,  0.00,  0.00,  0.00, 29.00,  0.00,  0.00,  0.00,  0.00,  0.00,  0.00,  0.00,  0.00,  0.00,  0.00,  0.00,  0.00, 18.00,  0.00,  0.00,  0.00,  0.00,  0.00,  0.00,  0.00,  0.00,  0.00,  0.00,  0.00,  0.00,  0.00,  0.00,  0.00,  0.00,  0.00,  0.00,  0.00,  0.00,  0.00,  0.00,  0.00,  0.00,  0.00, 11.00,  0.00,  0.00,  0.00,  0.00,  0.00,  0.00,  0.00,  0.00,  0.00,  0.00,  0.00,  0.00,  0.00,  0.00,  0.00,  0.00,  0.00,  0.00,  0.00,  0.00,  0.00,  0.00,  0.00,  0.00,  0.00,  0.00,  0.00,  0.00,  0.00,  0.00,  0.00,  0.00,  0.00,
11.000,  0.00,  0.00,  0.00,  0.00,  0.00, 68.00,  0.00,  0.00,  0.00,  0.00,  0.00,  0.00,  8.00, 26.00,  0.00,  0.00,  0.00,  0.00,  0.00,  0.00,  0.00,  0.00,  0.00, 29.00,  0.00,  0.00,  0.00,  0.00,  0.00,  0.00,  0.00,  0.00,  0.00,  0.00,  0.00,  0.00, 18.00,  0.00,  0.00,  0.00,  0.00,  0.00,  0.00,  0.00,  0.00,  0.00,  0.00,  0.00,  0.00,  0.00,  0.00,  0.00,  0.00,  0.00,  0.00,  0.00,  0.00,  0.00,  0.00,  0.00,  0.00,  0.00, 11.00,  0.00,  0.00,  0.00,  0.00,  0.00,  0.00,  0.00,  0.00,  0.00,  0.00,  0.00,  0.00,  0.00,  0.00,  0.00,  0.00,  0.00,  0.00,  0.00,  0.00,  0.00,  0.00,  0.00,  0.00,  0.00,  0.00,  0.00,  0.00,  0.00,  0.00,  0.00,  0.00,  0.00,
11.250,  0.00,  0.00,  0.00,  0.00,  0.00, 68.00,  0.00,  0.00,  0.00,  0.00,  0.00,  0.00,  8.00, 26.00,  0.00,  0.00,  0.00,  0.00,  0.00,  0.00,  0.00,  0.00,  0.00, 38.00,  0.00,  0.00,  0.00,  0.00,  0.00,  0.00,  0.00,  0.00,  0.00,  0.00,  0.00,  0.00, 20.00,  0.00,  0.00,  0.00,  0.00,  0.00,  0.00,  0.00,  0.00,  0.00,  0.00,  0.00,  0.00,  0.00,  0.00,  0.00,  4.00,  0.00,  0.00,  0.00,  0.00,  0.00,  0.00,  0.00,  0.00,  0.00, 15.00,  0.00,  0.00,  0.00,  0.00,  0.00,  0.00,  0.00,  0.00,  0.00,  0.00,  0.00,  0.00,  0.00,  0.00,  0.00,  0.00,  0.00,  0.00,  0.00,  0.00,  0.00,  0.00,  0.00,  0.00,  0.00,  0.00,  0.00,  0.00,  0.00,  0.00,  0.00,  0.00,  0.00,
11.500,  0.00,  0.00,  0.00,  0.00,  0.00, 68.00,  0.00,  0.00,  0.00,  0.00,  0.00,  0.00,  8.00, 26.00,  0.00,  0.00,  0.00,  0.00,  0.00,  0.00,  0.00,  0.00,  0.00, 41.00,  0.00,  0.00,  0.00,  0.00,  0.00,  0.00,  0.00,  0.00,  0.00,  0.00,  0.00,  0.00, 22.00,  0.00,  0.00,  0.00,  0.00,  0.00,  0.00,  0.00,  0.00,  0.00,  0.00,  0.00,  0.00,  0.00,  0.00,  0.00,  7.00,  0.00,  0.00,  0.00,  0.00,  0.00,  0.00,  0.00,  0.00,  0.00, 18.00,  0.00,  0.00,  0.00,  0.00,  0.00,  0.00,  0.00,  0.00,  0.00,  0.00,  0.00,  0.00,  0.00,  0.00,  0.00,  0.00,  0.00,  0.00,  0.00,  0.00,  0.00,  0.00,  0.00,  0.00,  0.00,  0.00,  0.00,  0.00,  0.00,  0.00,  0.00,  0.00,  0.00,
11.750,  0.00,  0.00,  0.00,  0.00,  0.00, 69.00,  0.00,  0.00,  0.00,  0.00,  0.00,  0.00, 11.00, 28.00,  0.00,  0.00,  0.00,  0.00,  0.00,  0.00,  0.00,  0.00,  0.00, 40.00,  0.00,  0.00,  0.00,  0.00,  0.00,  0.00,  0.00,  0.00,  0.00,  0.00,  0.00,  0.00, 26.00,  0.00,  0.00,  0.00,  0.00,  0.00,  0.00,  0.00,  0.00,  0.00,  0.00,  0.00,  0.00,  0.00,  0.00,  0.00,  7.00,  0.00,  0.00,  0.00,  0.00,  0.00,  0.00,  0.00,  0.00,  0.00, 19.00,  0.00,  0.00,  0.00,  0.00,  0.00,  0.00,  0.00,  0.00,  0.00,  0.00,  0.00,  0.00,  0.00,  0.00,  0.00,  0.00,  0.00,  0.00,  0.00,  0.00,  0.00,  0.00,  0.00,  0.00,  0.00,  0.00,  0.00,  0.00,  0.00,  0.00,  0.00,  0.00,  0.00,
12.000,  0.00,  0.00,  0.00,  0.00,  0.00, 71.00,  0.00,  0.00,  0.00,  0.00,  0.00,  0.00, 10.00, 29.00,  0.00,  0.00,  0.00,  0.00,  0.00,  0.00,  0.00,  0.00,  0.00, 43.00,  0.00,  0.00,  0.00,  0.00,  0.00,  0.00,  0.00,  0.00,  0.00,  0.00,  0.00,  0.00, 26.00,  0.00,  0.00,  0.00,  0.00,  0.00,  0.00,  0.00,  0.00,  0.00,  0.00,  0.00,  0.00,  0.00,  0.00,  0.00,  7.00,  0.00,  0.00,  0.00,  0.00,  0.00,  0.00,  0.00,  0.00,  0.00, 19.00,  0.00,  0.00,  0.00,  0.00,  0.00,  0.00,  0.00,  0.00,  0.00,  0.00,  0.00,  0.00,  0.00,  0.00,  0.00,  0.00,  0.00,  0.00,  0.00,  0.00,  0.00,  0.00,  0.00,  0.00,  0.00,  0.00,  0.00,  0.00,  0.00,  0.00,  0.00,  0.00,  0.00,
12.250,  0.00,  0.00,  0.00,  0.00,  0.00, 74.00,  0.00,  0.00,  0.00,  0.00,  0.00,  0.00, 12.00, 31.00,  0.00,  0.00,  0.00,  0.00,  0.00,  0.00,  0.00,  0.00,  0.00, 48.00,  0.00,  0.00,  0.00,  0.00,  0.00,  0.00,  0.00,  0.00,  0.00,  0.00,  0.00,  0.00, 25.00,  0.00,  0.00,  0.00,  0.00,  0.00,  0.00,  0.00,  0.00,  0.00,  0.00,  0.00,  0.00,  0.00,  0.00,  0.00,  6.00,  0.00,  0.00,  0.00,  0.00,  0.00,  0.00,  0.00,  0.00,  0.00, 18.00,  0.00,  0.00,  0.00,  0.00,  0.00,  0.00,  0.00,  0.00,  0.00,  0.00,  0.00,  0.00,  0.00,  0.00,  0.00,  0.00,  0.00,  0.00,  0.00,  0.00,  0.00,  0.00,  0.00,  0.00,  0.00,  0.00,  0.00,  0.00,  0.00,  0.00,  0.00,  0.00,  0.00,
12.500,  0.00,  0.00,  0.00,  0.00,  0.00, 74.00,  0.00,  0.00,  0.00,  0.00,  0.00,  0.00, 12.00, 31.00,  0.00,  0.00,  0.00,  0.00,  0.00,  0.00,  0.00,  0.00,  0.00, 48.00,  0.00,  0.00,  0.00,  0.00,  0.00,  0.00,  0.00,  0.00,  0.00,  0.00,  0.00,  0.00, 25.00,  0.00,  0.00,  0.00,  0.00,  0.00,  0.00,  0.00,  0.00,  0.00,  0.00,  0.00,  0.00,  0.00,  0.00,  0.00,  6.00,  0.00,  0.00,  0.00,  0.00,  0.00,  0.00,  0.00,  0.00,  0.00, 18.00,  0.00,  0.00,  0.00,  0.00,  0.00,  0.00,  0.00,  0.00,  0.00,  0.00,  0.00,  0.00,  0.00,  0.00,  0.00,  0.00,  0.00,  0.00,  0.00,  0.00,  0.00,  0.00,  0.00,  0.00,  0.00,  0.00,  0.00,  0.00,  0.00,  0.00,  0.00,  0.00,  0.00,
12.750,  0.00,  0.00,  0.00,  0.00,  0.00, 74.00,  0.00,  0.00,  0.00,  0.00,  0.00,  0.00, 12.00, 31.00,  0.00,  0.00,  0.00,  0.00,  0.00,  0.00,  0.00,  0.00,  0.00, 51.00,  0.00,  0.00,  0.00,  0.00,  0.00,  0.00,  0.00,  0.00,  0.00,  0.00,  0.00,  0.00, 25.00,  0.00,  0.00,  0.00,  0.00,  0.00,  0.00,  0.00,  0.00,  0.00,  0.00,  0.00,  0.00,  0.00,  0.00,  0.00,  6.00,  0.00,  0.00,  0.00,  0.00,  0.00,  0.00,  0.00,  0.00,  0.00, 18.00,  0.00,  0.00,  0.00,  0.00,  0.00,  0.00,  0.00,  0.00,  0.00,  0.00,  0.00,  0.00,  0.00,  0.00,  0.00,  0.00,  0.00,  0.00,  0.00,  0.00,  0.00,  0.00,  0.00,  0.00,  0.00,  0.00,  0.00,  0.00,  0.00,  0.00,  0.00,  0.00,  0.00,
13.000,  0.00,  0.00,  0.00,  0.00,  0.00, 74.00,  0.00,  0.00,  0.00,  0.00,  0.00,  0.00, 12.00, 32.00,  0.00,  0.00,  0.00,  0.00,  0.00,  0.00,  0.00,  0.00,  0.00, 55.00,  0.00,  0.00,  0.00,  0.00,  0.00,  0.00,  0.00,  0.00,  0.00,  0.00,  0.00,  0.00, 25.00,  0.00,  0.00,  0.00,  0.00,  0.00,  0.00,  0.00,  0.00,  0.00,  0.00,  0.00,  0.00,  0.00,  0.00,  0.00,  6.00,  0.00,  0.00,  0.00,  0.00,  0.00,  0.00,  0.00,  0.00,  0.00, 18.00,  0.00,  0.00,  0.00,  0.00,  0.00,  0.00,  0.00,  0.00,  0.00,  0.00,  0.00,  0.00,  0.00,  0.00,  0.00,  0.00,  0.00,  0.00,  0.00,  0.00,  0.00,  0.00,  0.00,  0.00,  0.00,  0.00,  0.00,  0.00,  0.00,  0.00,  0.00,  0.00,  0.00,
13.250,  0.00,  0.00,  0.00,  0.00,  0.00, 74.00,  0.00,  0.00,  0.00,  0.00,  0.00,  0.00, 12.00, 32.00,  0.00,  0.00,  0.00,  0.00,  0.00,  0.00,  0.00,  0.00,  0.00, 59.00,  0.00,  0.00,  0.00,  0.00,  0.00,  0.00,  0.00,  0.00,  0.00,  0.00,  0.00,  0.00, 25.00,  0.00,  0.00,  0.00,  0.00,  0.00,  0.00,  0.00,  0.00,  0.00,  0.00,  0.00,  0.00,  0.00,  0.00,  0.00,  8.00,  0.00,  0.00,  0.00,  0.00,  0.00,  0.00,  0.00,  0.00,  0.00, 18.00,  0.00,  0.00,  0.00,  0.00,  0.00,  0.00,  0.00,  0.00,  0.00,  0.00,  0.00,  0.00,  0.00,  0.00,  0.00,  0.00,  0.00,  0.00,  0.00,  0.00,  0.00,  0.00,  0.00,  0.00,  0.00,  0.00,  0.00,  0.00,  0.00,  0.00,  0.00,  0.00,  0.00,
13.500,  0.00,  0.00,  0.00,  0.00,  0.00, 74.00,  0.00,  0.00,  0.00,  0.00,  0.00,  0.00, 12.00, 32.00,  0.00,  0.00,  0.00,  0.00,  0.00,  0.00,  0.00,  0.00,  0.00, 59.00,  0.00,  0.00,  0.00,  0.00,  0.00,  0.00,  0.00,  0.00,  0.00,  0.00,  0.00,  0.00, 25.00,  0.00,  0.00,  0.00,  0.00,  0.00,  0.00,  0.00,  0.00,  0.00,  0.00,  0.00,  0.00,  0.00,  0.00,  0.00,  8.00,  0.00,  0.00,  0.00,  0.00,  0.00,  0.00,  0.00,  0.00,  0.00, 18.00,  0.00,  0.00,  0.00,  0.00,  0.00,  0.00,  0.00,  0.00,  0.00,  0.00,  0.00,  0.00,  0.00,  0.00,  0.00,  0.00,  0.00,  0.00,  0.00,  0.00,  0.00,  0.00,  0.00,  0.00,  0.00,  0.00,  0.00,  0.00,  0.00,  0.00,  0.00,  0.00,  0.00,
13.750,  0.00,  0.00,  0.00,  0.00,  0.00, 73.00,  0.00,  0.00,  0.00,  0.00,  0.00,  0.00, 11.00, 31.00,  0.00,  0.00,  0.00,  0.00,  0.00,  0.00,  0.00,  0.00,  0.00, 62.00,  0.00,  0.00,  0.00,  0.00,  0.00,  0.00,  3.00,  0.00,  0.00,  0.00,  0.00,  0.00, 24.00,  0.00,  0.00,  0.00,  0.00,  0.00,  0.00,  0.00,  0.00,  0.00,  0.00,  0.00,  0.00,  0.00,  0.00,  0.00,  8.00,  0.00,  0.00,  0.00,  0.00,  0.00,  0.00,  0.00,  0.00,  0.00, 17.00,  0.00,  0.00,  0.00,  0.00,  0.00,  0.00,  0.00,  0.00,  0.00,  0.00,  0.00,  0.00,  0.00,  0.00,  0.00,  0.00,  0.00,  0.00,  0.00,  0.00,  0.00,  0.00,  0.00,  0.00,  0.00,  0.00,  0.00,  0.00,  0.00,  0.00,  0.00,  0.00,  0.00,
14.000,  0.00,  0.00,  0.00,  0.00,  0.00, 73.00,  0.00,  0.00,  0.00,  0.00,  0.00,  0.00, 11.00, 31.00,  0.00,  0.00,  0.00,  0.00,  0.00,  0.00,  0.00,  0.00,  0.00, 65.00,  0.00,  0.00,  0.00,  0.00,  0.00,  0.00,  4.00,  0.00,  0.00,  0.00,  0.00,  0.00, 24.00,  0.00,  0.00,  0.00,  0.00,  0.00,  0.00,  0.00,  0.00,  0.00,  0.00,  0.00,  0.00,  0.00,  0.00,  0.00,  9.00,  0.00,  0.00,  0.00,  0.00,  0.00,  0.00,  0.00,  0.00,  0.00, 17.00,  0.00,  0.00,  0.00,  0.00,  0.00,  0.00,  0.00,  0.00,  0.00,  0.00,  0.00,  0.00,  0.00,  0.00,  0.00,  0.00,  0.00,  0.00,  0.00,  0.00,  0.00,  0.00,  0.00,  0.00,  0.00,  0.00,  0.00,  0.00,  0.00,  0.00,  0.00,  0.00,  0.00,
14.250,  0.00,  0.00,  0.00,  0.00,  0.00, 73.00,  0.00,  0.00,  0.00,  0.00,  0.00,  0.00, 11.00, 31.00,  0.00,  0.00,  0.00,  0.00,  0.00,  0.00,  0.00,  0.00,  0.00, 65.00,  0.00,  0.00,  0.00,  0.00,  0.00,  0.00,  9.00,  0.00,  0.00,  0.00,  0.00,  0.00, 24.00,  0.00,  0.00,  0.00,  0.00,  0.00,  0.00,  0.00,  0.00,  0.00,  0.00,  0.00,  0.00,  0.00,  0.00,  0.00,  9.00,  0.00,  0.00,  0.00,  0.00,  0.00,  0.00,  0.00,  0.00,  0.00, 17.00,  0.00,  0.00,  0.00,  0.00,  0.00,  0.00,  0.00,  0.00,  0.00,  0.00,  0.00,  0.00,  0.00,  0.00,  0.00,  0.00,  0.00,  0.00,  0.00,  0.00,  0.00,  0.00,  0.00,  0.00,  0.00,  0.00,  0.00,  0.00,  0.00,  0.00,  0.00,  0.00,  0.00,
14.500,  0.00,  0.00,  0.00,  0.00,  0.00, 74.00,  0.00,  0.00,  0.00,  0.00,  0.00,  0.00, 11.00, 31.00,  0.00,  0.00,  0.00,  0.00,  0.00,  0.00,  0.00,  0.00,  0.00, 65.00,  0.00,  0.00,  0.00,  0.00,  0.00,  0.00,  9.00,  0.00,  0.00,  0.00,  0.00,  0.00, 24.00,  0.00,  0.00,  0.00,  0.00,  0.00,  0.00,  0.00,  0.00,  0.00,  0.00,  0.00,  0.00,  0.00,  0.00,  0.00,  9.00,  0.00,  0.00,  0.00,  0.00,  0.00,  0.00,  0.00,  0.00,  0.00, 17.00,  0.00,  0.00,  0.00,  0.00,  0.00,  0.00,  0.00,  0.00,  0.00,  0.00,  0.00,  0.00,  0.00,  0.00,  0.00,  0.00,  0.00,  0.00,  0.00,  0.00,  0.00,  0.00,  0.00,  0.00,  0.00,  0.00,  0.00,  0.00,  0.00,  0.00,  0.00,  0.00,  0.00,
14.750,  0.00,  0.00,  0.00,  0.00,  0.00, 74.00,  0.00,  0.00,  0.00,  0.00,  0.00,  0.00, 11.00, 31.00,  0.00,  0.00,  0.00,  0.00,  0.00,  0.00,  0.00,  0.00,  0.00, 69.00,  0.00,  0.00,  0.00,  0.00,  0.00,  0.00,  9.00,  0.00,  0.00,  0.00,  0.00,  0.00, 24.00,  0.00,  0.00,  0.00,  0.00,  0.00,  0.00,  0.00,  0.00,  0.00,  0.00,  0.00,  0.00,  0.00,  0.00,  0.00, 10.00,  0.00,  0.00,  0.00,  0.00,  0.00,  0.00,  0.00,  0.00,  0.00, 17.00,  0.00,  0.00,  0.00,  0.00,  0.00,  0.00,  0.00,  0.00,  0.00,  0.00,  0.00,  0.00,  0.00,  0.00,  0.00,  0.00,  0.00,  0.00,  0.00,  0.00,  0.00,  0.00,  0.00,  0.00,  0.00,  0.00,  0.00,  0.00,  0.00,  0.00,  0.00,  0.00,  0.00,
15.000,  0.00,  0.00,  0.00,  0.00,  0.00, 74.00,  0.00,  0.00,  0.00,  0.00,  0.00,  0.00, 11.00, 31.00,  0.00,  0.00,  0.00,  0.00,  0.00,  0.00,  0.00,  0.00,  0.00, 71.00,  0.00,  0.00,  0.00,  0.00,  0.00,  0.00, 11.00,  0.00,  0.00,  0.00,  0.00,  0.00, 24.00,  0.00,  0.00,  0.00,  0.00,  0.00,  0.00,  0.00,  0.00,  0.00,  0.00,  0.00,  0.00,  0.00,  0.00,  0.00, 12.00,  0.00,  0.00,  0.00,  0.00,  0.00,  0.00,  0.00,  0.00,  0.00, 17.00,  0.00,  0.00,  0.00,  0.00,  0.00,  0.00,  0.00,  0.00,  0.00,  0.00,  0.00,  0.00,  0.00,  0.00,  0.00,  0.00,  0.00,  0.00,  0.00,  0.00,  0.00,  0.00,  0.00,  0.00,  0.00,  0.00,  0.00,  0.00,  0.00,  0.00,  0.00,  0.00,  0.00,
15.250,  0.00,  0.00,  0.00,  0.00,  0.00, 74.00,  0.00,  0.00,  0.00,  0.00,  0.00,  0.00, 11.00, 31.00,  0.00,  0.00,  0.00,  0.00,  0.00,  0.00,  0.00,  0.00,  0.00, 71.00,  0.00,  0.00,  0.00,  0.00,  0.00,  0.00, 11.00,  0.00,  0.00,  0.00,  0.00,  0.00, 24.00,  0.00,  0.00,  0.00,  0.00,  0.00,  0.00,  0.00,  0.00,  0.00,  0.00,  0.00,  0.00,  0.00,  0.00,  0.00, 12.00,  0.00,  0.00,  0.00,  0.00,  0.00,  0.00,  0.00,  0.00,  0.00, 17.00,  0.00,  0.00,  0.00,  0.00,  0.00,  0.00,  0.00,  0.00,  0.00,  0.00,  0.00,  0.00,  0.00,  0.00,  0.00,  0.00,  0.00,  0.00,  0.00,  0.00,  0.00,  0.00,  0.00,  0.00,  0.00,  0.00,  0.00,  0.00,  0.00,  0.00,  0.00,  0.00,  0.00,
15.500,  0.00,  0.00,  0.00,  0.00,  0.00, 74.00,  0.00,  0.00,  0.00,  0.00,  0.00,  0.00, 11.00, 31.00,  0.00,  0.00,  0.00,  0.00,  0.00,  0.00,  0.00,  0.00,  0.00, 71.00,  0.00,  0.00,  0.00,  0.00,  0.00,  0.00, 14.00,  0.00,  0.00,  0.00,  0.00,  0.00, 24.00,  0.00,  0.00,  0.00,  0.00,  0.00,  0.00,  0.00,  0.00,  0.00,  0.00,  0.00,  0.00,  0.00,  0.00,  0.00, 12.00,  0.00,  0.00,  0.00,  0.00,  0.00,  0.00,  0.00,  0.00,  0.00, 17.00,  0.00,  0.00,  0.00,  0.00,  0.00,  0.00,  0.00,  0.00,  0.00,  0.00,  0.00,  0.00,  0.00,  0.00,  0.00,  0.00,  0.00,  0.00,  0.00,  0.00,  0.00,  0.00,  0.00,  0.00,  0.00,  0.00,  0.00,  0.00,  0.00,  0.00,  0.00,  0.00,  0.00,
15.750,  0.00,  0.00,  0.00,  0.00,  0.00, 74.00,  0.00,  0.00,  0.00,  0.00,  0.00,  0.00, 11.00, 31.00,  0.00,  0.00,  0.00,  0.00,  0.00,  0.00,  0.00,  0.00,  0.00, 71.00,  0.00,  0.00,  0.00,  0.00,  0.00,  0.00, 17.00,  0.00,  0.00,  0.00,  0.00,  0.00, 24.00,  0.00,  0.00,  0.00,  0.00,  0.00,  0.00,  0.00,  0.00,  0.00,  0.00,  0.00,  0.00,  0.00,  0.00,  0.00, 12.00,  0.00,  0.00,  0.00,  0.00,  0.00,  0.00,  0.00,  0.00,  0.00, 17.00,  0.00,  0.00,  0.00,  0.00,  0.00,  0.00,  0.00,  0.00,  0.00,  0.00,  0.00,  0.00,  0.00,  0.00,  0.00,  0.00,  0.00,  0.00,  0.00,  0.00,  0.00,  0.00,  0.00,  0.00,  0.00,  0.00,  0.00,  0.00,  0.00,  0.00,  0.00,  0.00,  0.00,
16.000,  0.00,  0.00,  0.00,  0.00,  0.00, 74.00,  0.00,  0.00,  0.00,  0.00,  0.00,  0.00, 11.00, 31.00,  0.00,  0.00,  0.00,  0.00,  0.00,  0.00,  0.00,  0.00,  0.00, 77.00,  0.00,  0.00,  0.00,  0.00,  0.00,  0.00, 19.00,  0.00,  0.00,  0.00,  0.00,  0.00, 24.00,  0.00,  0.00,  0.00,  0.00,  0.00,  0.00,  0.00,  0.00,  0.00,  0.00,  0.00,  0.00,  0.00,  0.00,  0.00, 12.00,  0.00,  0.00,  0.00,  0.00,  0.00,  0.00,  0.00,  0.00,  0.00, 17.00,  0.00,  0.00,  0.00,  0.00,  0.00,  0.00,  0.00,  0.00,  0.00,  0.00,  0.00,  0.00,  0.00,  0.00,  0.00,  0.00,  0.00,  0.00,  0.00,  0.00,  0.00,  0.00,  0.00,  0.00,  0.00,  0.00,  0.00,  0.00,  0.00,  0.00,  0.00,  0.00,  0.00,
16.250,  0.00,  0.00,  0.00,  0.00,  0.00, 78.00,  0.00,  0.00,  0.00,  0.00,  0.00,  0.00, 11.00, 31.00,  0.00,  0.00,  0.00,  0.00,  0.00,  0.00,  0.00,  0.00,  0.00, 77.00,  0.00,  0.00,  0.00,  0.00,  0.00,  0.00, 19.00,  0.00,  0.00,  0.00,  0.00,  0.00, 24.00,  0.00,  0.00,  0.00,  0.00,  0.00,  0.00,  0.00,  0.00,  0.00,  0.00,  0.00,  0.00,  0.00,  0.00,  0.00, 12.00,  0.00,  0.00,  0.00,  0.00,  0.00,  0.00,  0.00,  0.00,  0.00, 17.00,  0.00,  0.00,  0.00,  0.00,  0.00,  0.00,  0.00,  0.00,  0.00,  0.00,  0.00,  0.00,  0.00,  0.00,  0.00,  0.00,  0.00,  0.00,  0.00,  0.00,  0.00,  0.00,  0.00,  0.00,  0.00,  0.00,  0.00,  0.00,  0.00,  0.00,  0.00,  0.00,  0.00,
16.500,  0.00,  0.00,  0.00,  0.00,  0.00, 78.00,  0.00,  0.00,  0.00,  0.00,  0.00,  0.00, 11.00, 31.00,  0.00,  0.00,  0.00,  0.00,  0.00,  0.00,  0.00,  0.00,  0.00, 77.00,  0.00,  0.00,  0.00,  0.00,  0.00,  0.00, 22.00,  0.00,  0.00,  0.00,  0.00,  0.00, 24.00,  0.00,  0.00,  0.00,  0.00,  0.00,  0.00,  0.00,  0.00,  0.00,  0.00,  0.00,  0.00,  0.00,  0.00,  0.00, 12.00,  0.00,  0.00,  0.00,  0.00,  0.00,  0.00,  0.00,  0.00,  0.00, 17.00,  0.00,  0.00,  0.00,  0.00,  0.00,  0.00,  0.00,  0.00,  0.00,  0.00,  0.00,  0.00,  0.00,  0.00,  0.00,  0.00,  0.00,  0.00,  0.00,  0.00,  0.00,  0.00,  0.00,  0.00,  0.00,  0.00,  0.00,  0.00,  0.00,  0.00,  0.00,  0.00,  0.00,
16.750,  0.00,  0.00,  0.00,  0.00,  0.00, 80.00,  0.00,  0.00,  0.00,  0.00,  0.00,  0.00, 11.00, 31.00,  0.00,  0.00,  0.00,  0.00,  0.00,  0.00,  0.00,  0.00,  0.00, 77.00,  0.00,  0.00,  0.00,  0.00,  0.00,  0.00, 22.00,  0.00,  0.00,  0.00,  0.00,  0.00, 24.00,  0.00,  0.00,  0.00,  0.00,  0.00,  0.00,  0.00,  0.00,  0.00,  0.00,  0.00,  0.00,  0.00,  0.00,  0.00, 12.00,  0.00,  0.00,  0.00,  0.00,  0.00,  0.00,  0.00,  0.00,  0.00, 17.00,  0.00,  0.00,  0.00,  0.00,  0.00,  0.00,  0.00,  0.00,  0.00,  0.00,  0.00,  0.00,  0.00,  0.00,  0.00,  0.00,  0.00,  0.00,  0.00,  0.00,  0.00,  0.00,  0.00,  0.00,  0.00,  0.00,  0.00,  0.00,  0.00,  0.00,  0.00,  0.00,  0.00,
17.000,  0.00,  0.00,  0.00,  0.00,  0.00, 80.00,  0.00,  0.00,  0.00,  0.00,  0.00,  0.00, 11.00, 31.00,  0.00,  0.00,  0.00,  0.00,  0.00,  0.00,  0.00,  0.00,  0.00, 77.00,  0.00,  0.00,  0.00,  0.00,  0.00,  0.00, 27.00,  0.00,  0.00,  0.00,  0.00,  0.00, 24.00,  0.00,  0.00,  0.00,  0.00,  0.00,  0.00,  0.00,  0.00,  0.00,  0.00,  0.00,  0.00,  0.00,  0.00,  0.00, 12.00,  0.00,  0.00,  0.00,  0.00,  0.00,  0.00,  0.00,  0.00,  0.00, 17.00,  0.00,  0.00,  0.00,  0.00,  0.00,  0.00,  0.00,  0.00,  0.00,  0.00,  0.00,  0.00,  0.00,  0.00,  0.00,  0.00,  0.00,  0.00,  0.00,  0.00,  0.00,  0.00,  0.00,  0.00,  0.00,  0.00,  0.00,  0.00,  0.00,  0.00,  0.00,  0.00,  0.00,
17.250,  0.00,  0.00,  0.00,  0.00,  0.00, 80.00,  0.00,  0.00,  0.00,  0.00,  0.00,  0.00, 11.00, 31.00,  0.00,  0.00,  0.00,  0.00,  0.00,  0.00,  0.00,  0.00,  0.00, 77.00,  0.00,  0.00,  0.00,  0.00,  0.00,  0.00, 32.00,  0.00,  0.00,  0.00,  0.00,  0.00, 24.00,  0.00,  0.00,  0.00,  0.00,  0.00,  0.00,  0.00,  0.00,  0.00,  0.00,  0.00, 18.00,  0.00,  0.00,  0.00, 12.00,  0.00,  0.00,  0.00,  0.00,  0.00,  0.00,  0.00,  0.00,  0.00, 17.00,  0.00,  0.00,  0.00,  0.00,  0.00,  0.00,  0.00,  0.00,  0.00,  0.00,  0.00,  0.00,  0.00,  0.00,  0.00,  0.00,  0.00,  0.00,  0.00,  0.00,  0.00,  0.00,  0.00,  0.00,  0.00,  0.00,  0.00,  0.00,  0.00,  0.00,  0.00,  0.00,  0.00,
17.500,  0.00,  0.00,  0.00,  0.00,  0.00, 80.00,  0.00,  0.00,  0.00,  0.00,  0.00,  0.00, 11.00, 31.00,  0.00,  0.00,  0.00,  0.00,  0.00,  0.00,  0.00,  0.00,  0.00, 77.00,  0.00,  0.00,  0.00,  0.00,  0.00,  0.00, 32.00,  0.00,  0.00,  0.00,  0.00,  0.00, 24.00,  0.00,  0.00,  0.00,  0.00,  0.00,  0.00,  0.00,  0.00,  0.00,  0.00,  0.00, 21.00,  0.00,  0.00,  0.00, 12.00,  0.00,  0.00,  0.00,  0.00,  0.00,  0.00,  0.00,  0.00,  0.00, 17.00,  0.00,  0.00,  0.00,  0.00,  0.00,  0.00,  0.00,  0.00,  0.00,  0.00,  0.00,  0.00,  0.00,  0.00,  0.00,  0.00,  0.00,  0.00,  0.00,  0.00,  0.00,  0.00,  0.00,  0.00,  0.00,  0.00,  0.00,  0.00,  0.00,  0.00,  0.00,  0.00,  0.00,
17.750,  0.00,  0.00,  0.00,  0.00,  0.00, 80.00,  0.00,  0.00,  0.00,  0.00,  0.00,  0.00, 11.00, 31.00,  0.00,  0.00,  0.00,  0.00,  0.00,  0.00,  0.00,  0.00,  0.00, 78.00,  0.00,  0.00,  0.00,  0.00,  0.00,  0.00, 32.00,  0.00,  0.00,  0.00,  0.00,  0.00, 24.00,  0.00,  0.00,  0.00,  0.00,  0.00,  0.00,  0.00,  0.00,  0.00,  0.00,  0.00, 23.00,  0.00,  0.00,  0.00, 12.00,  0.00,  0.00,  0.00,  0.00,  0.00,  0.00,  0.00,  0.00,  0.00, 17.00,  0.00,  0.00,  0.00,  0.00,  0.00,  0.00,  0.00,  0.00,  0.00,  0.00,  0.00,  0.00,  0.00,  0.00,  0.00,  0.00,  0.00,  0.00,  0.00,  0.00,  0.00,  0.00,  8.00,  0.00,  0.00,  0.00,  0.00,  0.00,  0.00,  0.00,  0.00,  0.00,  0.00,
18.000,  0.00,  0.00,  0.00,  0.00,  0.00, 80.00,  0.00,  0.00,  0.00,  0.00,  0.00,  0.00, 11.00, 31.00,  0.00,  0.00,  0.00,  0.00,  0.00,  0.00,  0.00,  0.00,  0.00, 78.00,  0.00,  0.00,  0.00,  0.00,  0.00,  0.00, 32.00,  0.00,  0.00,  0.00,  0.00,  0.00, 24.00,  0.00,  0.00,  0.00,  0.00,  0.00,  0.00,  0.00,  0.00,  0.00,  0.00,  0.00, 29.00,  0.00,  0.00,  0.00, 12.00,  0.00,  0.00,  0.00,  0.00,  0.00,  0.00,  0.00,  0.00,  0.00, 17.00,  0.00,  0.00,  0.00,  0.00,  0.00,  0.00,  0.00,  0.00,  0.00,  0.00,  0.00,  0.00,  0.00,  0.00,  0.00,  0.00,  0.00,  0.00,  0.00,  0.00,  0.00,  0.00,  8.00,  0.00,  0.00,  0.00,  0.00,  0.00,  0.00,  0.00,  0.00,  0.00,  0.00,
18.250,  0.00,  0.00,  0.00,  1.00,  0.00, 80.00,  0.00,  0.00,  0.00,  0.00,  0.00,  0.00, 11.00, 31.00,  0.00,  0.00,  0.00,  0.00,  0.00,  0.00,  0.00,  0.00,  0.00, 78.00,  0.00,  0.00,  0.00,  0.00,  0.00,  0.00, 33.00,  0.00,  0.00,  0.00,  0.00,  0.00, 24.00,  0.00,  0.00,  0.00,  0.00,  0.00,  0.00,  0.00,  0.00,  0.00,  0.00,  0.00, 29.00,  0.00,  0.00,  0.00, 12.00,  0.00,  0.00,  0.00,  0.00,  0.00,  0.00,  0.00,  0.00,  0.00, 17.00,  0.00,  0.00,  0.00,  0.00,  0.00,  0.00,  0.00,  0.00,  0.00,  5.00,  0.00,  0.00,  0.00,  0.00,  0.00,  0.00,  0.00,  0.00,  0.00,  0.00,  0.00,  0.00,  9.00,  0.00,  0.00,  0.00,  0.00,  0.00,  0.00,  0.00,  0.00,  0.00,  0.00,
18.500,  0.00,  0.00,  0.00,  1.00,  0.00, 80.00,  0.00,  0.00,  0.00,  0.00,  0.00,  0.00, 11.00, 31.00,  0.00,  0.00,  0.00,  0.00,  0.00,  0.00,  0.00,  0.00,  0.00, 78.00,  0.00,  0.00,  0.00,  0.00,  0.00,  0.00, 35.00,  0.00,  0.00,  0.00,  0.00,  0.00, 24.00,  0.00,  0.00,  0.00,  0.00,  0.00,  0.00,  0.00,  0.00,  0.00,  0.00,  0.00, 35.00,  0.00,  0.00,  0.00, 12.00,  0.00,  0.00,  0.00,  0.00,  0.00,  0.00,  0.00,  0.00,  0.00, 17.00,  0.00,  0.00,  0.00,  0.00,  0.00,  0.00,  0.00,  0.00,  0.00,  5.00,  0.00,  0.00,  0.00,  0.00,  0.00,  0.00,  0.00,  0.00,  0.00,  0.00,  0.00,  0.00,  9.00,  0.00,  0.00,  0.00,  0.00,  0.00,  0.00,  0.00,  0.00,  0.00,  0.00,
18.750,  0.00,  0.00,  0.00,  1.00,  0.00, 80.00,  0.00,  0.00,  0.00,  0.00,  0.00,  0.00, 11.00, 31.00,  0.00,  0.00,  0.00,  0.00,  0.00,  0.00,  0.00,  0.00,  0.00, 78.00,  0.00,  0.00,  0.00,  0.00,  0.00,  0.00, 35.00,  0.00,  0.00,  0.00,  0.00,  0.00, 24.00,  0.00,  0.00,  0.00,  0.00,  0.00,  0.00,  0.00,  0.00,  0.00,  0.00,  0.00, 35.00,  0.00,  0.00,  0.00, 12.00,  0.00,  0.00,  0.00,  0.00,  0.00,  0.00,  0.00,  0.00,  0.00, 17.00,  0.00,  0.00,  0.00,  0.00,  0.00,  0.00,  0.00,  0.00,  0.00,  5.00,  0.00,  0.00,  0.00,  0.00,  0.00,  0.00,  0.00,  0.00,  0.00,  0.00,  0.00,  0.00,  9.00,  0.00,  0.00,  0.00,  0.00,  0.00,  0.00,  0.00,  0.00,  0.00,  0.00,
19.000,  0.00,  0.00,  0.00,  1.00,  0.00, 80.00,  0.00,  0.00,  0.00,  0.00,  0.00,  0.00, 11.00, 31.00,  0.00,  0.00,  0.00,  0.00,  0.00,  0.00,  0.00,  0.00,  0.00, 78.00,  0.00,  0.00,  0.00,  0.00,  0.00,  0.00, 37.00,  0.00,  0.00,  0.00,  0.00,  0.00, 24.00,  0.00,  0.00,  0.00,  0.00,  0.00,  0.00,  0.00,  0.00,  0.00,  0.00,  0.00, 35.00,  0.00,  0.00,  0.00, 12.00,  0.00,  0.00,  0.00,  0.00,  0.00,  0.00,  0.00,  0.00,  0.00, 17.00,  0.00,  0.00,  0.00,  0.00,  0.00,  0.00,  0.00,  0.00,  0.00,  5.00,  0.00,  0.00,  0.00,  0.00,  0.00,  0.00,  0.00,  0.00,  0.00,  0.00,  0.00,  0.00,  9.00,  0.00,  0.00,  0.00,  0.00,  0.00,  0.00,  0.00,  0.00,  0.00,  0.00,
19.250,  0.00,  0.00,  0.00,  1.00,  0.00, 80.00,  0.00,  0.00,  0.00,  0.00,  0.00,  0.00, 11.00, 31.00,  0.00,  0.00,  0.00,  0.00,  0.00,  0.00,  0.00,  0.00,  0.00, 78.00,  0.00,  0.00,  0.00,  0.00,  0.00,  0.00, 39.00,  0.00,  0.00,  0.00,  0.00,  0.00, 24.00,  0.00,  0.00,  0.00,  0.00,  0.00,  0.00,  0.00,  0.00,  0.00,  0.00,  0.00, 43.00,  0.00,  0.00,  0.00, 12.00,  0.00,  0.00,  0.00,  0.00,  0.00,  0.00,  0.00,  0.00,  0.00, 17.00,  0.00,  0.00,  0.00,  0.00,  0.00,  0.00,  0.00,  0.00,  0.00,  5.00,  0.00,  0.00,  0.00,  0.00,  0.00,  0.00,  0.00,  0.00,  0.00,  0.00,  0.00,  0.00,  9.00,  0.00,  0.00,  0.00,  0.00,  0.00,  0.00,  0.00,  0.00,  0.00,  0.00,
19.500,  0.00,  0.00,  0.00,  1.00,  0.00, 80.00,  0.00,  0.00,  0.00,  0.00,  0.00,  0.00, 11.00, 31.00,  0.00,  0.00,  0.00,  0.00,  0.00,  0.00,  0.00,  0.00,  0.00, 82.00,  0.00,  0.00,  0.00,  0.00,  0.00,  0.00, 39.00,  0.00,  0.00,  0.00,  0.00,  0.00, 24.00,  0.00,  0.00,  0.00,  0.00,  0.00,  0.00,  0.00,  0.00,  0.00,  0.00,  0.00, 43.00,  0.00,  0.00,  0.00, 12.00,  0.00,  0.00,  0.00,  0.00,  0.00,  0.00,  0.00,  0.00,  0.00, 17.00,  0.00,  0.00,  0.00,  0.00,  0.00,  0.00,  0.00,  0.00,  0.00,  5.00,  0.00,  0.00,  0.00,  0.00,  0.00,  0.00,  0.00,  0.00,  0.00,  0.00,  0.00,  0.00,  9.00,  0.00,  0.00,  0.00,  0.00,  0.00,  0.00,  0.00,  0.00,  0.00,  0.00,
19.750,  0.00,  0.00,  0.00,  1.00,  0.00, 80.00,  0.00,  0.00,  0.00,  0.00,  0.00,  0.00, 11.00, 31.00,  0.00,  0.00,  0.00,  0.00,  0.00,  0.00,  0.00,  0.00,  0.00, 82.00,  0.00,  0.00,  0.00,  0.00,  0.00,  0.00, 41.00,  0.00,  0.00,  0.00,  0.00,  0.00, 24.00,  0.00,  0.00,  0.00,  0.00,  0.00,  0.00,  0.00,  0.00,  0.00,  0.00,  0.00, 43.00,  0.00,  0.00,  0.00, 12.00,  0.00,  0.00,  0.00,  0.00,  0.00,  0.00,  0.00,  0.00,  0.00, 17.00,  0.00,  0.00,  0.00,  0.00,  0.00,  0.00,  0.00,  0.00,  0.00,  5.00,  0.00,  0.00,  0.00,  0.00,  0.00,  0.00,  0.00,  0.00,  0.00,  0.00,  0.00,  0.00,  9.00,  0.00,  0.00,  0.00,  0.00,  0.00,  0.00,  0.00,  0.00,  0.00,  0.00,
20.000,  0.00,  0.00,  0.00,  1.00,  0.00, 80.00,  0.00,  0.00,  0.00,  0.00,  0.00,  0.00, 11.00, 31.00,  0.00,  0.00,  0.00,  0.00,  0.00,  0.00,  0.00,  0.00,  0.00, 82.00,  0.00,  0.00,  0.00,  0.00,  0.00,  0.00, 41.00,  0.00,  0.00,  0.00,  0.00,  0.00, 24.00,  0.00,  0.00,  0.00,  0.00,  0.00,  0.00,  0.00,  0.00,  0.00,  0.00,  0.00, 43.00,  0.00,  0.00,  0.00, 12.00,  0.00,  0.00,  0.00,  0.00,  0.00,  0.00,  0.00,  0.00,  0.00, 17.00,  0.00,  0.00,  0.00,  0.00,  0.00,  0.00,  0.00,  0.00,  0.00,  5.00,  0.00,  0.00,  0.00,  0.00,  0.00,  0.00,  0.00,  0.00,  0.00,  0.00,  0.00,  0.00,  9.00,  0.00,  0.00,  0.00,  0.00,  0.00,  0.00,  0.00,  0.00,  0.00,  0.00,
20.250,  0.00,  0.00,  0.00,  1.00,  0.00, 80.00,  0.00,  0.00,  0.00,  0.00,  0.00,  0.00, 11.00, 31.00,  0.00,  0.00,  0.00,  0.00,  0.00,  0.00,  0.00,  0.00,  0.00, 82.00,  0.00,  0.00,  0.00,  0.00,  0.00,  0.00, 41.00,  0.00,  0.00,  0.00,  0.00,  0.00, 24.00,  0.00,  0.00,  0.00,  0.00,  0.00,  0.00,  0.00,  0.00,  0.00,  0.00,  0.00, 43.00,  0.00,  0.00,  0.00, 12.00,  0.00,  0.00,  0.00,  0.00,  0.00,  0.00,  0.00,  0.00,  0.00, 17.00,  0.00,  0.00,  0.00,  0.00,  0.00,  0.00,  0.00,  0.00,  0.00,  5.00,  0.00,  0.00,  0.00,  0.00,  0.00,  0.00,  0.00,  0.00,  0.00,  0.00,  0.00,  0.00,  9.00,  0.00,  0.00,  0.00,  0.00,  0.00,  0.00,  0.00,  0.00,  0.00,  0.00,
20.500,  0.00,  0.00,  0.00,  1.00,  0.00, 80.00,  0.00,  0.00,  0.00,  0.00,  0.00,  0.00, 11.00, 31.00,  0.00,  0.00,  0.00,  0.00,  0.00,  0.00,  0.00,  0.00,  0.00, 82.00,  0.00,  0.00,  0.00,  0.00,  0.00,  0.00, 43.00,  0.00,  0.00,  0.00,  0.00,  0.00, 24.00,  0.00,  0.00,  0.00,  0.00,  0.00,  0.00,  0.00,  0.00,  0.00,  0.00,  0.00, 43.00,  0.00,  0.00,  0.00, 12.00,  0.00,  0.00,  0.00,  0.00,  0.00,  0.00,  0.00,  0.00,  0.00, 17.00,  0.00,  0.00,  0.00,  0.00,  0.00,  0.00,  0.00,  0.00,  0.00,  5.00,  0.00,  0.00,  0.00,  0.00,  0.00,  0.00,  0.00,  0.00,  0.00,  0.00,  0.00,  0.00,  9.00,  0.00,  0.00,  0.00,  0.00,  0.00,  0.00,  0.00,  0.00,  0.00,  0.00,
20.750,  0.00,  0.00,  0.00,  1.00,  0.00, 80.00,  0.00,  0.00,  0.00,  0.00,  0.00,  0.00, 11.00, 31.00,  0.00,  0.00,  0.00,  0.00,  0.00,  0.00,  0.00,  0.00,  0.00, 82.00,  0.00,  0.00,  0.00,  0.00,  0.00,  0.00, 47.00,  0.00,  0.00,  0.00,  0.00,  0.00, 24.00,  0.00,  0.00,  0.00,  0.00,  0.00,  0.00,  0.00,  0.00,  0.00,  0.00,  0.00, 43.00,  0.00,  0.00,  0.00, 12.00,  0.00,  0.00,  0.00,  0.00,  0.00,  0.00,  0.00,  0.00,  0.00, 17.00,  0.00,  0.00,  0.00,  0.00,  0.00,  0.00,  0.00,  0.00,  0.00,  5.00,  0.00,  0.00,  0.00,  0.00,  0.00,  0.00,  0.00,  0.00,  0.00,  0.00,  0.00,  0.00,  9.00,  0.00,  0.00,  0.00,  0.00,  0.00,  0.00,  0.00,  0.00,  0.00,  0.00,
21.000,  0.00,  0.00,  0.00,  1.00,  0.00, 80.00,  0.00,  0.00,  0.00,  0.00,  0.00,  0.00, 11.00, 31.00,  0.00,  0.00,  0.00,  0.00,  0.00,  0.00,  0.00,  0.00,  0.00, 82.00,  0.00,  0.00,  0.00,  0.00,  0.00,  0.00, 47.00,  0.00,  0.00,  0.00,  0.00,  0.00, 24.00,  0.00,  0.00,  0.00,  0.00,  0.00,  0.00,  0.00,  0.00,  0.00,  0.00,  0.00, 43.00,  0.00,  0.00,  0.00, 12.00,  0.00,  0.00,  0.00,  0.00,  0.00,  0.00,  0.00,  0.00,  0.00, 17.00,  0.00,  0.00,  0.00,  0.00,  0.00,  0.00,  0.00,  0.00,  0.00,  5.00,  0.00,  0.00,  0.00,  0.00,  0.00,  0.00,  0.00,  0.00,  0.00,  0.00,  0.00,  0.00,  9.00,  0.00,  0.00,  0.00,  0.00,  0.00,  0.00,  0.00,  0.00,  0.00,  0.00,
21.250,  0.00,  0.00,  0.00,  1.00,  0.00, 80.00,  0.00,  0.00,  0.00,  0.00,  0.00,  0.00, 11.00, 31.00,  0.00,  0.00,  0.00,  0.00,  0.00,  0.00,  0.00,  0.00,  0.00, 82.00,  0.00,  0.00,  0.00,  0.00,  0.00,  0.00, 47.00,  0.00,  0.00,  0.00,  0.00,  0.00, 24.00,  0.00,  0.00,  0.00,  0.00,  0.00,  0.00,  0.00,  0.00,  0.00,  0.00,  0.00, 43.00,  0.00,  0.00,  0.00, 12.00,  0.00,  0.00,  0.00,  0.00,  0.00,  0.00,  0.00,  0.00,  0.00, 17.00,  0.00,  0.00,  0.00,  0.00,  0.00,  0.00,  0.00,  0.00,  0.00,  5.00,  0.00,  0.00,  0.00,  0.00,  0.00,  0.00,  0.00,  0.00,  0.00,  0.00,  0.00,  0.00,  9.00,  0.00,  0.00,  0.00,  0.00,  0.00,  0.00,  0.00,  0.00,  0.00,  0.00,
21.500,  0.00,  0.00,  0.00,  1.00,  0.00, 80.00,  0.00,  0.00,  0.00,  0.00,  0.00,  0.00, 11.00, 31.00,  0.00,  0.00,  0.00,  0.00,  0.00,  0.00,  0.00,  0.00,  0.00, 82.00,  0.00,  0.00,  0.00,  0.00,  0.00,  0.00, 49.00,  0.00,  0.00,  0.00,  0.00,  0.00, 24.00,  0.00,  0.00,  0.00,  0.00,  0.00,  0.00,  0.00,  0.00,  0.00,  0.00,  0.00, 43.00,  0.00,  0.00,  0.00, 12.00,  0.00,  0.00,  0.00,  0.00,  0.00,  0.00,  0.00,  0.00,  0.00, 17.00,  0.00,  0.00,  0.00,  0.00,  0.00,  0.00,  0.00,  0.00,  0.00,  5.00,  0.00,  0.00,  0.00,  0.00,  0.00,  0.00,  0.00,  0.00,  0.00,  0.00,  0.00,  0.00,  9.00,  0.00,  0.00,  0.00,  0.00,  0.00,  0.00,  0.00,  0.00,  0.00,  0.00,
21.750,  0.00,  0.00,  0.00,  1.00,  0.00, 80.00,  0.00,  0.00,  0.00,  0.00,  0.00,  0.00, 11.00, 31.00,  0.00,  0.00,  0.00,  0.00,  0.00,  0.00,  0.00,  0.00,  0.00, 82.00,  0.00,  0.00,  0.00,  0.00,  0.00,  0.00, 49.00,  0.00,  0.00,  0.00,  0.00,  0.00, 24.00,  0.00,  0.00,  0.00,  0.00,  0.00,  0.00,  0.00,  0.00,  0.00,  0.00,  0.00, 43.00,  0.00,  0.00,  0.00, 12.00,  0.00,  0.00,  0.00,  0.00,  0.00,  0.00,  0.00,  0.00,  0.00, 17.00,  0.00,  0.00,  0.00,  0.00,  0.00,  0.00,  0.00,  0.00,  0.00,  5.00,  0.00,  0.00,  0.00,  0.00,  0.00,  0.00,  0.00,  0.00,  0.00,  0.00,  0.00,  0.00,  9.00,  0.00,  0.00,  0.00,  0.00,  0.00,  0.00,  0.00,  0.00,  0.00,  0.00,
22.000,  0.00,  0.00,  0.00,  1.00,  0.00, 80.00,  0.00,  2.00,  0.00,  0.00,  0.00,  0.00, 11.00, 31.00,  0.00,  0.00,  0.00,  0.00,  0.00,  0.00,  0.00,  0.00,  0.00, 82.00,  0.00,  0.00,  0.00,  0.00,  0.00,  0.00, 49.00,  0.00,  0.00,  0.00,  0.00,  0.00, 24.00,  0.00,  0.00,  0.00,  0.00,  0.00,  0.00,  0.00,  0.00,  0.00,  0.00,  0.00, 43.00,  0.00,  0.00,  0.00, 12.00,  0.00,  0.00,  0.00,  0.00,  0.00,  0.00,  0.00,  0.00,  0.00, 17.00,  0.00,  0.00,  0.00,  0.00,  0.00,  0.00,  0.00,  0.00,  0.00,  5.00,  0.00,  0.00,  0.00,  0.00,  0.00,  0.00,  0.00,  0.00,  0.00,  0.00,  0.00,  0.00,  9.00,  0.00,  0.00,  0.00,  0.00,  0.00,  0.00,  0.00,  0.00,  0.00,  0.00,
22.250,  0.00,  0.00,  0.00,  1.00,  0.00, 80.00,  0.00,  2.00,  0.00,  0.00,  0.00,  0.00, 11.00, 31.00,  0.00,  0.00,  0.00,  0.00,  0.00,  0.00,  0.00,  0.00,  0.00, 82.00,  0.00,  0.00,  0.00,  0.00,  0.00,  0.00, 50.00,  0.00,  0.00,  0.00,  0.00,  0.00, 24.00,  0.00,  0.00,  0.00,  0.00,  0.00,  0.00,  0.00,  0.00,  0.00,  0.00,  0.00, 43.00,  0.00,  0.00,  0.00, 12.00,  0.00,  0.00,  0.00,  0.00,  0.00,  0.00,  0.00,  0.00,  0.00, 17.00,  0.00,  0.00,  0.00,  0.00,  0.00,  0.00,  0.00,  0.00,  0.00,  5.00,  0.00,  0.00,  0.00,  0.00,  0.00,  0.00,  0.00,  0.00,  0.00,  0.00,  0.00,  0.00,  9.00,  0.00,  0.00,  0.00,  0.00,  0.00,  0.00,  0.00,  0.00,  0.00,  0.00,
22.500,  0.00,  0.00,  0.00,  1.00,  0.00, 80.00,  0.00,  2.00,  0.00,  0.00,  0.00,  0.00, 11.00, 31.00,  0.00,  0.00,  0.00,  0.00,  0.00,  0.00,  0.00,  0.00,  0.00, 82.00,  0.00,  0.00,  0.00,  0.00,  0.00,  0.00, 53.00,  0.00,  0.00,  0.00,  0.00,  0.00, 24.00,  0.00,  0.00,  0.00,  0.00,  0.00,  0.00,  0.00,  0.00,  0.00,  0.00,  0.00, 49.00,  0.00,  0.00,  0.00, 12.00,  0.00,  0.00,  0.00,  0.00,  0.00,  0.00,  0.00,  0.00,  0.00, 17.00,  0.00,  0.00,  0.00,  0.00,  0.00,  0.00,  0.00,  0.00,  0.00,  5.00,  0.00,  0.00,  0.00,  0.00,  0.00,  0.00,  0.00,  0.00,  0.00,  0.00,  0.00,  0.00,  9.00,  0.00,  0.00,  0.00,  0.00,  0.00,  0.00,  0.00,  0.00,  0.00,  0.00,
22.750,  0.00,  0.00,  0.00,  1.00,  0.00, 80.00,  0.00,  2.00,  0.00,  0.00,  0.00,  0.00, 11.00, 31.00,  0.00,  0.00,  0.00,  0.00,  0.00,  0.00,  0.00,  0.00,  0.00, 82.00,  0.00,  0.00,  0.00,  0.00,  0.00,  0.00, 53.00,  0.00,  0.00,  0.00,  0.00,  0.00, 24.00,  0.00,  0.00,  0.00,  0.00,  0.00,  0.00,  0.00,  0.00,  0.00,  0.00,  0.00, 49.00,  0.00,  0.00,  0.00, 12.00,  0.00,  0.00,  0.00,  0.00,  0.00,  0.00,  0.00,  0.00,  0.00, 17.00,  0.00,  0.00,  0.00,  0.00,  0.00,  0.00,  0.00,  0.00,  0.00,  5.00,  0.00,  0.00,  0.00,  0.00,  0.00,  0.00,  0.00,  0.00,  0.00,  0.00,  0.00,  0.00,  9.00,  0.00,  0.00,  0.00,  0.00,  0.00,  0.00,  0.00,  0.00,  0.00,  0.00,
23.000,  0.00,  0.00,  0.00,  1.00,  0.00, 80.00,  0.00,  2.00,  0.00,  0.00,  0.00,  0.00, 11.00, 31.00,  0.00,  0.00,  0.00,  0.00,  0.00,  0.00,  0.00,  0.00,  0.00, 82.00,  0.00,  0.00,  0.00,  0.00,  0.00,  0.00, 53.00,  0.00,  0.00,  0.00,  0.00,  0.00, 24.00,  0.00,  0.00,  0.00,  0.00,  0.00,  0.00,  0.00,  0.00,  0.00,  0.00,  0.00, 49.00,  0.00,  0.00,  0.00, 12.00,  0.00,  0.00,  0.00,  0.00,  0.00,  0.00,  0.00,  0.00,  0.00, 17.00,  0.00,  0.00,  0.00,  0.00,  0.00,  0.00,  0.00,  0.00,  0.00,  5.00,  0.00,  0.00,  0.00,  0.00,  0.00,  0.00,  0.00,  0.00,  0.00,  0.00,  0.00,  0.00,  9.00,  0.00,  0.00,  0.00,  0.00,  0.00,  0.00,  0.00,  0.00,  0.00,  0.00,
23.250,  0.00,  0.00,  0.00,  1.00,  0.00, 80.00,  0.00,  2.00,  0.00,  0.00,  0.00,  0.00, 11.00, 31.00,  0.00,  0.00,  0.00,  0.00,  0.00,  0.00,  0.00,  0.00,  0.00, 82.00,  0.00,  0.00,  0.00,  0.00,  0.00,  0.00, 53.00,  0.00,  0.00,  0.00,  0.00,  0.00, 24.00,  0.00,  0.00,  0.00,  0.00,  0.00,  0.00,  0.00,  0.00,  0.00,  0.00,  0.00, 49.00,  0.00,  0.00,  0.00, 12.00,  0.00,  0.00,  0.00,  0.00,  0.00,  0.00,  0.00,  0.00,  0.00, 17.00,  0.00,  0.00,  0.00,  0.00,  0.00,  0.00,  0.00,  0.00,  0.00,  5.00,  0.00,  0.00,  0.00,  0.00,  0.00,  0.00,  0.00,  0.00,  0.00,  0.00,  0.00,  0.00,  9.00,  0.00,  0.00,  0.00,  0.00,  0.00,  0.00,  0.00,  0.00,  0.00,  0.00,
23.500,  0.00,  0.00,  0.00,  1.00,  0.00, 80.00,  0.00,  2.00,  0.00,  0.00,  0.00,  0.00, 11.00, 31.00,  0.00,  0.00,  0.00,  0.00,  0.00,  0.00,  0.00,  0.00,  0.00, 82.00,  0.00,  0.00,  0.00,  0.00,  0.00,  0.00, 54.00,  0.00,  0.00,  0.00,  0.00,  0.00, 24.00,  0.00,  0.00,  0.00,  0.00,  0.00,  0.00,  0.00,  0.00,  0.00,  0.00,  0.00, 49.00,  0.00,  0.00,  0.00, 12.00,  0.00,  0.00,  0.00,  0.00,  0.00,  0.00,  0.00,  0.00,  0.00, 17.00,  0.00,  0.00,  0.00,  0.00,  0.00,  0.00,  0.00,  0.00,  0.00,  5.00,  0.00,  0.00,  0.00,  0.00,  0.00,  0.00,  0.00,  0.00,  0.00,  0.00,  0.00,  0.00,  9.00,  0.00,  0.00,  0.00,  0.00,  0.00,  0.00,  0.00,  0.00,  0.00,  0.00,
23.750,  0.00,  0.00,  0.00,  1.00,  0.00, 80.00,  0.00,  2.00,  0.00,  0.00,  0.00,  0.00, 11.00, 31.00,  0.00,  0.00,  0.00,  0.00,  0.00,  0.00,  0.00,  0.00,  0.00, 82.00,  0.00,  0.00,  0.00,  0.00,  0.00,  0.00, 54.00,  0.00,  0.00,  0.00,  0.00,  0.00, 24.00,  0.00,  0.00,  0.00,  0.00,  0.00,  0.00,  0.00,  0.00,  0.00,  0.00,  0.00, 49.00,  0.00,  0.00,  0.00, 12.00,  0.00,  0.00,  0.00,  0.00,  0.00,  0.00,  0.00,  0.00,  0.00, 17.00,  0.00,  0.00,  0.00,  0.00,  0.00,  0.00,  0.00,  0.00,  0.00,  5.00,  0.00,  0.00,  0.00,  0.00,  0.00,  0.00,  0.00,  0.00,  0.00,  0.00,  0.00,  0.00,  9.00,  0.00,  0.00,  0.00,  0.00,  0.00,  0.00,  0.00,  0.00,  0.00,  0.00,
24.000,  0.00,  0.00,  0.00,  1.00,  0.00, 80.00,  0.00,  2.00,  0.00,  0.00,  0.00,  0.00, 11.00, 31.00,  0.00,  0.00,  0.00,  0.00,  0.00,  0.00,  0.00,  0.00,  0.00, 82.00,  0.00,  0.00,  0.00,  0.00,  0.00,  0.00, 56.00,  0.00,  0.00,  0.00,  0.00,  0.00, 24.00,  0.00,  0.00,  0.00,  0.00,  0.00,  0.00,  0.00,  0.00,  0.00,  0.00,  0.00, 54.00,  0.00,  0.00,  0.00, 12.00,  0.00,  0.00,  0.00,  0.00,  0.00,  0.00,  0.00,  0.00,  0.00, 17.00,  0.00,  0.00,  0.00,  0.00,  0.00,  0.00,  0.00,  0.00,  0.00,  5.00,  0.00,  0.00,  0.00,  0.00,  0.00,  0.00,  0.00,  0.00,  0.00,  0.00,  0.00,  0.00,  9.00,  0.00,  0.00,  0.00,  0.00,  0.00,  0.00,  0.00,  0.00,  0.00,  0.00,
24.250,  0.00,  0.00,  0.00,  1.00,  0.00, 80.00,  0.00,  2.00,  0.00,  0.00,  0.00,  0.00, 11.00, 31.00,  0.00,  0.00,  0.00,  0.00,  0.00,  0.00,  0.00,  0.00,  0.00, 82.00,  0.00,  0.00,  0.00,  0.00,  0.00,  0.00, 56.00,  0.00,  0.00,  0.00,  0.00,  0.00, 24.00,  0.00,  0.00,  0.00,  0.00,  0.00,  0.00,  0.00,  0.00,  0.00,  0.00,  0.00, 54.00,  0.00,  0.00,  0.00, 12.00,  0.00,  0.00,  0.00,  0.00,  0.00,  0.00,  0.00,  0.00,  0.00, 17.00,  0.00,  0.00,  0.00,  0.00,  0.00,  0.00,  0.00,  0.00,  0.00,  5.00,  0.00,  0.00,  0.00,  0.00,  0.00,  0.00,  0.00,  0.00,  0.00,  0.00,  0.00,  0.00,  9.00,  0.00,  0.00,  0.00,  0.00,  0.00,  0.00,  0.00,  0.00,  0.00,  0.00,
24.500,  0.00,  0.00,  0.00,  1.00,  0.00, 80.00,  0.00,  2.00,  0.00,  0.00,  0.00,  0.00, 11.00, 31.00,  0.00,  0.00,  0.00,  0.00,  0.00,  0.00,  0.00,  0.00,  0.00, 82.00,  0.00,  0.00,  0.00,  0.00,  0.00,  0.00, 56.00,  0.00,  0.00,  0.00,  0.00,  0.00, 24.00,  0.00,  0.00,  0.00,  0.00,  0.00,  0.00,  0.00,  0.00,  0.00,  0.00,  0.00, 54.00,  0.00,  0.00,  0.00, 12.00,  0.00,  0.00,  0.00,  0.00,  0.00,  0.00,  0.00,  0.00,  0.00, 17.00,  0.00,  0.00,  0.00,  0.00,  0.00,  0.00,  0.00,  0.00,  0.00,  5.00,  0.00,  0.00,  0.00,  0.00,  0.00,  0.00,  0.00,  0.00,  0.00,  0.00,  0.00,  0.00,  9.00,  0.00,  0.00,  0.00,  0.00,  0.00,  0.00,  0.00,  0.00,  0.00,  0.00,
24.750,  0.00,  0.00,  0.00,  1.00,  0.00, 80.00,  0.00,  2.00,  0.00,  0.00,  0.00,  0.00, 11.00, 31.00,  0.00,  0.00,  0.00,  0.00,  0.00,  0.00,  0.00,  0.00,  0.00, 82.00,  0.00,  0.00,  0.00,  0.00,  0.00,  0.00, 56.00,  0.00,  0.00,  0.00,  0.00,  0.00, 24.00,  0.00,  0.00,  0.00,  0.00,  0.00,  0.00,  0.00,  0.00,  0.00,  0.00,  0.00, 54.00,  0.00,  0.00,  0.00, 12.00,  0.00,  0.00,  0.00,  0.00,  0.00,  0.00,  0.00,  0.00,  0.00, 17.00,  0.00,  0.00,  0.00,  0.00,  0.00,  0.00,  0.00,  0.00,  0.00,  5.00,  0.00,  0.00,  0.00,  0.00,  0.00,  0.00,  0.00,  0.00,  0.00,  0.00,  0.00,  0.00,  9.00,  0.00,  0.00,  0.00,  0.00,  0.00,  0.00,  0.00,  0.00,  0.00,  0.00,
25.000,  0.00,  0.00,  0.00,  1.00,  0.00, 80.00,  0.00,  6.00,  0.00,  0.00,  0.00,  0.00, 11.00, 31.00,  0.00,  0.00,  0.00,  0.00,  0.00,  0.00,  0.00,  0.00,  0.00, 82.00,  0.00,  0.00,  0.00,  0.00,  0.00,  0.00, 56.00,  0.00,  0.00,  0.00,  0.00,  0.00, 24.00,  0.00,  0.00,  0.00,  0.00,  0.00,  0.00,  0.00,  0.00,  0.00,  0.00,  0.00, 54.00,  0.00,  0.00,  0.00, 12.00,  0.00,  0.00,  0.00,  0.00,  0.00,  0.00,  0.00,  0.00,  0.00, 17.00,  0.00,  0.00,  0.00,  0.00,  0.00,  0.00,  0.00,  0.00,  0.00,  5.00,  0.00,  0.00,  0.00,  0.00,  0.00,  0.00,  0.00,  0.00,  0.00,  0.00,  0.00,  0.00,  9.00,  0.00,  0.00,  0.00,  0.00,  0.00,  0.00,  0.00,  0.00,  0.00,  0.00,
25.250,  0.00,  0.00,  0.00,  1.00,  0.00, 80.00,  0.00,  6.00,  0.00,  0.00,  0.00,  0.00, 11.00, 31.00,  0.00,  0.00,  0.00,  0.00,  0.00,  0.00,  0.00,  0.00,  0.00, 82.00,  0.00,  0.00,  0.00,  0.00,  0.00,  0.00, 56.00,  0.00,  0.00,  0.00,  0.00,  0.00, 24.00,  0.00,  0.00,  0.00,  0.00,  0.00,  0.00,  0.00,  0.00,  0.00,  0.00,  0.00, 54.00,  0.00,  0.00,  0.00, 12.00,  0.00,  0.00,  0.00,  0.00,  0.00,  0.00,  0.00,  0.00,  0.00, 17.00,  0.00,  0.00,  0.00,  0.00,  0.00,  0.00,  0.00,  0.00,  0.00,  5.00,  0.00,  0.00,  0.00,  0.00,  0.00,  0.00,  0.00,  0.00,  0.00,  0.00,  0.00,  0.00,  9.00,  0.00,  0.00,  0.00,  0.00,  0.00,  0.00,  0.00,  0.00,  0.00,  0.00,
25.500,  0.00,  0.00,  0.00,  1.00,  0.00, 80.00,  0.00,  6.00,  0.00,  0.00,  0.00,  0.00, 11.00, 31.00,  0.00,  0.00,  0.00,  0.00,  0.00,  0.00,  0.00,  0.00,  0.00, 82.00,  0.00,  0.00,  0.00,  0.00,  0.00,  0.00, 56.00,  0.00,  0.00,  0.00,  0.00,  0.00, 24.00,  0.00,  0.00,  0.00,  0.00,  0.00,  0.00,  0.00,  0.00,  0.00,  0.00,  0.00, 54.00,  0.00,  0.00,  0.00, 12.00,  0.00,  0.00,  0.00,  0.00,  0.00,  0.00,  0.00,  0.00,  0.00, 17.00,  0.00,  0.00,  0.00,  0.00,  0.00,  0.00,  0.00,  0.00,  0.00,  5.00,  0.00,  0.00,  0.00,  0.00,  0.00,  0.00,  0.00,  0.00,  0.00,  0.00,  0.00,  0.00,  9.00,  0.00,  0.00,  0.00,  0.00,  0.00,  0.00,  0.00,  0.00,  0.00,  0.00,
25.750,  0.00,  0.00,  0.00,  1.00,  0.00, 80.00,  0.00,  6.00,  0.00,  0.00,  0.00,  0.00, 11.00, 31.00,  0.00,  0.00,  0.00,  0.00,  0.00,  0.00,  0.00,  0.00,  0.00, 82.00,  0.00,  0.00,  0.00,  0.00,  0.00,  0.00, 56.00,  0.00,  0.00,  0.00,  0.00,  0.00, 24.00,  0.00,  0.00,  0.00,  0.00,  0.00,  0.00,  0.00,  0.00,  0.00,  0.00,  0.00, 54.00,  0.00,  0.00,  0.00, 12.00,  0.00,  0.00,  0.00,  0.00,  0.00,  0.00,  0.00,  0.00,  0.00, 17.00,  0.00,  0.00,  0.00,  0.00,  0.00,  0.00,  0.00,  0.00,  0.00,  7.00,  0.00,  0.00,  0.00,  0.00,  0.00,  0.00,  0.00,  0.00,  0.00,  0.00,  0.00,  0.00, 15.00,  0.00,  0.00,  0.00,  0.00,  0.00,  0.00,  0.00,  0.00,  0.00,  0.00,
26.000,  0.00,  0.00,  0.00,  1.00,  0.00, 80.00,  0.00,  6.00,  0.00,  0.00,  0.00,  0.00, 11.00, 31.00,  0.00,  0.00,  0.00,  0.00,  0.00,  0.00,  0.00,  0.00,  0.00, 82.00,  0.00,  0.00,  0.00,  0.00,  0.00,  0.00, 56.00,  0.00,  0.00,  0.00,  0.00,  0.00, 24.00,  0.00,  0.00,  0.00,  0.00,  0.00,  0.00,  0.00,  0.00,  0.00,  0.00,  0.00, 54.00,  0.00,  0.00,  0.00, 12.00,  0.00,  0.00,  0.00,  0.00,  0.00,  0.00,  0.00,  0.00,  0.00, 17.00,  0.00,  0.00,  0.00,  0.00,  0.00,  0.00,  0.00,  0.00,  0.00,  7.00,  0.00,  0.00,  0.00,  0.00,  0.00,  0.00,  0.00,  0.00,  0.00,  0.00,  0.00,  0.00, 15.00,  0.00,  0.00,  0.00,  0.00,  0.00,  0.00,  0.00,  0.00,  0.00,  0.00,
26.250,  0.00,  0.00,  0.00,  1.00,  0.00, 80.00,  0.00,  6.00,  0.00,  0.00,  0.00,  0.00, 11.00, 31.00,  0.00,  0.00,  0.00,  0.00,  0.00,  0.00,  0.00,  0.00,  0.00, 82.00,  0.00,  0.00,  0.00,  0.00,  0.00,  0.00, 56.00,  0.00,  0.00,  0.00,  0.00,  0.00, 24.00,  0.00,  0.00,  0.00,  0.00,  0.00,  0.00,  0.00,  0.00,  0.00,  0.00,  0.00, 54.00,  0.00,  0.00,  0.00, 12.00,  0.00,  0.00,  0.00,  0.00,  0.00,  0.00,  0.00,  0.00,  0.00, 17.00,  0.00,  0.00,  0.00,  0.00,  0.00,  0.00,  0.00,  0.00,  0.00,  7.00,  0.00,  0.00,  0.00,  0.00,  0.00,  0.00,  0.00,  0.00,  0.00,  0.00,  0.00,  0.00, 15.00,  0.00,  0.00,  0.00,  0.00,  0.00,  0.00,  0.00,  0.00,  0.00,  0.00,
26.500,  0.00,  0.00,  0.00,  1.00,  0.00, 80.00,  0.00,  6.00,  0.00,  0.00,  0.00,  0.00, 11.00, 31.00,  0.00,  0.00,  0.00,  0.00,  0.00,  0.00,  0.00,  0.00,  0.00, 82.00,  0.00,  0.00,  0.00,  0.00,  0.00,  0.00, 56.00,  0.00,  0.00,  0.00,  0.00,  0.00, 24.00,  0.00,  0.00,  0.00,  0.00,  0.00,  0.00,  0.00,  0.00,  0.00,  0.00,  0.00, 54.00,  0.00,  0.00,  0.00, 12.00,  0.00,  0.00,  0.00,  0.00,  0.00,  0.00,  0.00,  0.00,  0.00, 17.00,  0.00,  0.00,  0.00,  0.00,  0.00,  0.00,  0.00,  0.00,  0.00,  7.00,  0.00,  0.00,  0.00,  0.00,  0.00,  0.00,  0.00,  0.00,  0.00,  0.00,  0.00,  0.00, 15.00,  0.00,  0.00,  0.00,  0.00,  0.00,  0.00,  0.00,  0.00,  0.00,  0.00,
26.750,  0.00,  0.00,  0.00,  1.00,  0.00, 80.00,  0.00,  6.00,  0.00,  0.00,  0.00,  0.00, 11.00, 31.00,  0.00,  0.00,  0.00,  0.00,  0.00,  0.00,  0.00,  0.00,  0.00, 82.00,  0.00,  0.00,  0.00,  0.00,  0.00,  0.00, 56.00,  0.00,  0.00,  0.00,  0.00,  0.00, 24.00,  0.00,  0.00,  0.00,  0.00,  0.00,  0.00,  0.00,  0.00,  0.00,  0.00,  0.00, 63.00,  0.00,  0.00,  0.00, 12.00,  0.00,  0.00,  0.00,  0.00,  0.00,  0.00,  0.00,  0.00,  0.00, 17.00,  0.00,  0.00,  0.00,  0.00,  0.00,  0.00,  0.00,  0.00,  0.00,  7.00,  0.00,  0.00,  0.00,  0.00,  0.00,  0.00,  0.00,  9.00,  0.00,  0.00,  0.00,  0.00, 15.00,  0.00,  3.00,  0.00,  0.00,  0.00,  0.00,  0.00,  0.00,  0.00,  0.00,
27.000,  0.00,  0.00,  0.00,  1.00,  0.00, 80.00,  0.00,  6.00,  0.00,  0.00,  0.00,  0.00, 11.00, 31.00,  0.00,  0.00,  0.00,  0.00,  0.00,  0.00,  0.00,  0.00,  0.00, 82.00,  0.00,  0.00,  0.00,  0.00,  0.00,  0.00, 56.00,  0.00,  0.00,  0.00,  0.00,  0.00, 24.00,  0.00,  0.00,  0.00,  0.00,  0.00,  0.00,  0.00,  0.00,  0.00,  0.00,  0.00, 63.00,  0.00,  0.00,  0.00, 12.00,  0.00,  0.00,  0.00,  0.00,  0.00,  0.00,  0.00,  0.00,  0.00, 17.00,  0.00,  0.00,  0.00,  0.00,  0.00,  0.00,  0.00,  0.00,  0.00,  7.00,  0.00,  0.00,  0.00,  0.00,  0.00,  0.00,  0.00,  9.00,  0.00,  0.00,  0.00,  0.00, 15.00,  0.00,  3.00,  0.00,  0.00,  0.00,  0.00,  0.00,  0.00,  0.00,  0.00,
27.250,  0.00,  0.00,  0.00,  1.00,  0.00, 80.00,  0.00,  6.00,  0.00,  0.00,  0.00,  0.00, 11.00, 31.00,  0.00,  0.00,  0.00,  0.00,  0.00,  0.00,  0.00,  0.00,  0.00, 82.00,  0.00,  0.00,  0.00,  0.00,  0.00,  0.00, 56.00,  0.00,  0.00,  0.00,  0.00,  0.00, 24.00,  0.00,  0.00,  0.00,  0.00,  0.00,  0.00,  0.00,  0.00,  0.00,  0.00,  0.00, 63.00,  0.00,  0.00,  0.00, 12.00,  0.00,  0.00,  0.00,  0.00,  0.00,  0.00,  0.00,  0.00,  0.00, 17.00,  0.00,  0.00,  0.00,  0.00,  0.00,  0.00,  0.00,  0.00,  0.00,  7.00,  0.00,  0.00,  0.00,  0.00,  0.00,  0.00,  0.00, 11.00,  0.00,  0.00,  0.00,  0.00, 15.00,  0.00,  3.00,  0.00,  0.00,  0.00,  0.00,  0.00,  0.00,  0.00,  0.00,
27.500,  0.00,  0.00,  0.00,  1.00,  0.00, 80.00,  0.00,  6.00,  0.00,  0.00,  0.00,  0.00, 11.00, 31.00,  0.00,  0.00,  0.00,  0.00,  0.00,  0.00,  0.00,  0.00,  0.00, 82.00,  0.00,  0.00,  0.00,  0.00,  0.00,  0.00, 56.00,  0.00,  0.00,  0.00,  0.00,  0.00, 24.00,  0.00,  0.00,  0.00,  0.00,  0.00,  0.00,  0.00,  0.00,  0.00,  0.00,  0.00, 63.00,  0.00,  0.00,  0.00, 12.00,  0.00,  0.00,  0.00,  0.00,  0.00,  0.00,  0.00,  0.00,  0.00, 17.00,  0.00,  0.00,  0.00,  0.00,  0.00,  0.00,  0.00,  0.00,  0.00,  8.00,  0.00,  0.00,  0.00,  0.00,  0.00,  0.00,  0.00, 11.00,  0.00,  0.00,  0.00,  0.00, 17.00,  0.00,  3.00,  0.00,  0.00,  0.00,  0.00,  0.00,  0.00,  0.00,  0.00,
27.750,  0.00,  0.00,  0.00,  1.00,  0.00, 80.00,  0.00,  6.00,  0.00,  0.00,  0.00, 36.00, 11.00, 31.00,  0.00,  0.00,  0.00,  0.00,  0.00,  0.00,  0.00,  0.00,  0.00, 82.00,  0.00,  0.00,  0.00,  0.00,  0.00,  0.00, 56.00,  0.00,  0.00,  0.00,  0.00,  0.00, 24.00,  0.00,  0.00,  0.00,  0.00,  0.00,  0.00,  0.00,  0.00,  0.00,  0.00,  0.00, 63.00,  0.00,  0.00,  0.00, 12.00,  0.00,  0.00,  0.00,  0.00,  0.00,  0.00,  0.00,  0.00,  0.00, 17.00,  0.00,  0.00,  0.00,  0.00,  0.00,  0.00,  0.00,  0.00,  0.00,  8.00,  0.00,  0.00,  0.00,  0.00,  0.00,  0.00,  0.00, 11.00,  0.00,  0.00,  0.00,  0.00, 17.00,  0.00,  3.00,  0.00,  0.00,  0.00,  0.00,  0.00,  0.00,  0.00,  0.00,
28.000,  0.00,  0.00,  0.00,  1.00,  0.00, 80.00,  0.00,  6.00,  0.00,  0.00,  0.00, 51.00, 11.00, 31.00,  0.00,  0.00,  0.00,  0.00,  0.00,  0.00,  0.00,  0.00,  0.00, 82.00,  0.00,  0.00,  0.00,  0.00,  0.00,  0.00, 56.00,  0.00,  0.00,  0.00,  0.00,  0.00, 24.00,  0.00,  0.00,  0.00,  0.00,  0.00,  0.00,  0.00,  0.00,  0.00,  0.00,  0.00, 63.00,  0.00,  0.00,  0.00, 12.00,  0.00,  0.00,  0.00,  0.00,  0.00,  0.00,  0.00,  0.00,  0.00, 17.00,  0.00,  0.00,  0.00,  0.00,  0.00,  0.00,  0.00,  0.00,  0.00,  8.00,  0.00,  0.00,  0.00,  0.00,  0.00,  0.00,  0.00, 11.00,  0.00,  0.00,  0.00,  0.00, 17.00,  0.00,  3.00,  0.00,  0.00,  0.00,  0.00,  0.00,  0.00,  0.00,  0.00,
28.250,  0.00,  0.00,  0.00,  1.00,  0.00, 80.00,  0.00,  6.00,  0.00,  0.00,  0.00, 57.00, 11.00, 31.00,  0.00,  0.00,  0.00,  0.00,  0.00,  0.00,  0.00,  0.00,  0.00, 82.00,  0.00,  0.00,  0.00,  0.00,  0.00,  0.00, 56.00,  0.00,  0.00,  0.00,  0.00,  0.00, 24.00,  0.00,  0.00,  0.00,  0.00,  0.00,  0.00,  0.00,  0.00,  0.00,  0.00,  0.00, 63.00,  0.00,  0.00,  0.00, 12.00,  0.00,  0.00,  0.00,  0.00,  0.00,  0.00,  0.00,  0.00,  0.00, 17.00,  0.00,  0.00,  0.00,  0.00,  5.00,  0.00,  0.00,  0.00,  0.00,  8.00,  0.00,  0.00,  0.00,  0.00,  0.00,  0.00,  0.00, 18.00,  0.00,  0.00,  0.00,  0.00, 17.00,  0.00,  4.00,  0.00,  0.00,  0.00,  0.00,  0.00,  0.00,  0.00,  0.00,
28.500,  0.00,  0.00,  0.00,  1.00,  0.00, 80.00,  0.00,  6.00,  0.00,  0.00,  0.00, 67.00, 11.00, 31.00,  0.00,  0.00,  0.00,  0.00,  0.00,  0.00,  0.00,  0.00,  0.00, 82.00,  0.00,  0.00,  0.00,  0.00,  0.00,  0.00, 56.00,  0.00,  0.00,  0.00,  0.00,  0.00, 24.00,  0.00,  0.00,  0.00,  0.00,  0.00,  0.00,  0.00,  0.00,  0.00,  0.00,  0.00, 63.00,  0.00,  0.00,  0.00, 12.00,  0.00,  0.00,  0.00,  0.00,  0.00,  0.00,  0.00,  0.00,  0.00, 17.00,  0.00,  0.00,  0.00,  0.00,  5.00,  0.00,  0.00,  0.00,  0.00,  8.00,  0.00,  0.00,  0.00,  0.00,  0.00,  0.00,  0.00, 18.00,  0.00,  0.00,  0.00,  0.00, 17.00,  0.00,  4.00,  0.00,  0.00,  0.00,  0.00,  0.00,  0.00,  0.00,  0.00,
28.750,  0.00,  0.00,  0.00,  1.00,  0.00, 80.00,  0.00,  6.00,  0.00,  0.00,  0.00, 67.00, 11.00, 31.00,  0.00,  0.00,  0.00,  0.00,  0.00,  0.00,  0.00,  0.00,  0.00, 82.00,  0.00,  0.00,  0.00,  0.00,  0.00,  0.00, 56.00,  0.00,  0.00,  0.00,  0.00,  0.00, 24.00,  0.00,  0.00,  0.00,  0.00,  0.00,  0.00,  0.00,  0.00,  0.00,  0.00,  0.00, 63.00,  0.00,  0.00,  0.00, 12.00,  0.00,  0.00,  0.00,  0.00,  0.00,  0.00,  0.00,  0.00,  0.00, 17.00,  0.00,  0.00,  0.00,  0.00,  6.00,  0.00,  0.00,  0.00,  0.00,  8.00,  0.00,  0.00,  0.00,  0.00,  0.00,  0.00,  0.00, 21.00,  0.00,  0.00,  0.00,  0.00, 17.00,  0.00,  4.00,  0.00,  0.00,  0.00,  0.00,  0.00,  0.00,  0.00,  0.00,
29.000,  0.00,  0.00,  0.00,  1.00,  0.00, 80.00,  0.00,  6.00,  0.00,  0.00,  0.00, 67.00, 11.00, 31.00,  0.00,  0.00,  0.00,  0.00,  0.00,  0.00,  0.00,  0.00,  0.00, 82.00,  0.00,  0.00,  0.00,  0.00,  0.00,  0.00, 56.00,  0.00,  0.00,  0.00,  0.00,  0.00, 24.00,  0.00,  0.00,  0.00,  0.00,  0.00,  0.00,  0.00,  0.00,  0.00,  0.00,  0.00, 63.00,  0.00,  0.00,  0.00, 12.00,  0.00,  0.00,  0.00,  0.00,  0.00,  0.00,  0.00,  0.00,  0.00, 17.00,  0.00,  0.00,  0.00,  0.00,  6.00,  0.00,  0.00,  0.00,  0.00,  8.00,  0.00,  0.00,  0.00,  0.00,  0.00,  0.00,  0.00, 21.00,  0.00,  0.00,  0.00,  0.00, 17.00,  0.00,  4.00,  0.00,  0.00,  0.00,  0.00,  0.00,  0.00,  0.00,  0.00,
29.250,  0.00,  0.00,  0.00,  1.00,  0.00, 80.00,  0.00,  6.00,  0.00,  0.00,  0.00, 72.00, 11.00, 31.00,  0.00,  0.00,  0.00,  0.00,  0.00,  0.00,  0.00,  0.00,  0.00, 82.00,  0.00,  0.00,  0.00,  0.00,  0.00,  0.00, 56.00,  0.00,  0.00,  0.00,  0.00,  0.00, 24.00,  0.00,  0.00,  0.00,  0.00,  0.00,  0.00,  0.00,  0.00,  0.00,  0.00,  0.00, 63.00,  0.00,  0.00,  0.00, 12.00,  0.00,  0.00,  0.00,  0.00,  0.00,  0.00,  0.00,  0.00,  0.00, 17.00,  0.00,  0.00,  0.00,  0.00,  6.00,  0.00,  0.00,  0.00,  0.00,  8.00,  0.00,  0.00,  0.00,  0.00,  0.00,  0.00,  0.00, 21.00,  0.00,  0.00,  0.00,  0.00, 17.00,  0.00,  4.00,  0.00,  0.00,  0.00,  0.00,  0.00,  0.00,  0.00,  0.00,
29.500,  0.00,  0.00,  0.00,  1.00,  0.00, 80.00,  0.00,  6.00,  0.00,  0.00,  0.00, 82.00, 11.00, 31.00,  0.00,  0.00,  0.00,  0.00,  0.00,  0.00,  0.00,  0.00,  0.00, 82.00,  0.00,  0.00,  0.00,  0.00,  0.00,  0.00, 56.00,  0.00,  0.00,  0.00,  0.00,  0.00, 24.00,  0.00,  0.00,  0.00,  0.00,  0.00,  0.00,  0.00,  0.00,  0.00,  0.00,  0.00, 63.00,  0.00,  0.00,  0.00, 12.00,  0.00,  0.00,  0.00,  0.00,  0.00,  0.00,  0.00,  0.00,  0.00, 17.00,  0.00,  0.00,  0.00,  0.00,  6.00,  0.00,  0.00,  0.00,  0.00,  8.00,  0.00,  0.00,  0.00,  0.00,  0.00,  0.00,  0.00, 26.00,  0.00,  0.00,  2.00,  0.00, 17.00,  0.00,  4.00,  0.00,  0.00,  0.00,  0.00,  0.00,  0.00,  0.00,  0.00,
29.750,  0.00,  0.00,  0.00,  1.00,  0.00, 80.00,  0.00,  6.00,  0.00,  0.00,  0.00, 85.00, 11.00, 31.00,  0.00,  0.00,  0.00,  0.00,  0.00,  0.00,  0.00,  0.00,  0.00, 82.00,  0.00,  0.00,  0.00,  0.00,  0.00,  0.00, 56.00,  0.00,  0.00,  0.00,  0.00,  0.00, 24.00,  0.00,  0.00,  0.00,  0.00,  0.00,  0.00,  0.00,  0.00,  0.00,  0.00,  0.00, 63.00,  0.00,  0.00,  0.00, 12.00,  0.00,  0.00,  0.00,  0.00,  0.00,  0.00,  0.00,  0.00,  0.00, 17.00,  0.00,  0.00,  0.00,  0.00,  6.00,  0.00,  0.00,  0.00,  0.00,  8.00,  0.00,  0.00,  0.00,  0.00,  0.00,  0.00,  0.00, 28.00,  0.00,  0.00,  3.00,  0.00, 17.00,  0.00,  5.00,  0.00,  0.00,  0.00,  0.00,  0.00,  0.00,  0.00,  0.00,
30.000,  0.00,  0.00,  0.00,  1.00,  0.00, 80.00,  0.00,  6.00,  0.00,  0.00,  0.00, 85.00, 11.00, 31.00,  0.00,  0.00,  0.00,  0.00,  0.00,  0.00,  0.00,  0.00,  0.00, 82.00,  0.00,  0.00,  0.00,  0.00,  0.00,  0.00, 56.00,  0.00,  0.00,  0.00,  0.00,  0.00, 24.00,  0.00,  0.00,  0.00,  0.00,  0.00,  0.00,  0.00,  0.00,  0.00,  0.00,  0.00, 63.00,  0.00,  0.00,  0.00, 12.00,  0.00,  0.00,  0.00,  0.00,  0.00,  0.00,  0.00,  0.00,  0.00, 17.00,  0.00,  0.00,  0.00,  0.00,  6.00,  0.00,  0.00,  0.00,  0.00,  8.00,  0.00,  0.00,  0.00,  0.00,  0.00,  0.00,  0.00, 28.00,  0.00,  0.00,  3.00,  0.00, 17.00,  0.00,  5.00,  0.00,  0.00,  0.00,  0.00,  0.00,  0.00,  0.00,  0.00,
30.250,  0.00,  0.00,  0.00,  1.00,  0.00, 80.00,  0.00,  6.00,  0.00,  0.00,  0.00, 89.00, 11.00, 31.00,  0.00,  0.00,  0.00,  0.00,  0.00,  0.00,  0.00,  0.00,  0.00, 82.00,  0.00,  0.00,  0.00,  0.00,  0.00,  0.00, 56.00,  0.00,  0.00,  0.00,  0.00,  0.00, 24.00,  0.00,  0.00,  0.00,  0.00,  0.00,  0.00,  0.00,  0.00,  0.00,  0.00,  0.00, 63.00,  0.00,  0.00,  0.00, 12.00,  0.00,  0.00,  0.00,  0.00,  0.00,  0.00,  0.00,  0.00,  0.00, 17.00,  0.00,  0.00,  0.00,  0.00,  6.00,  0.00,  0.00,  0.00,  0.00,  8.00,  0.00,  0.00,  0.00,  0.00,  0.00,  0.00,  0.00, 28.00,  0.00,  0.00,  3.00,  0.00, 17.00,  0.00,  5.00,  0.00,  0.00,  0.00,  0.00,  0.00,  0.00,  0.00,  0.00,
30.500,  0.00,  0.00,  0.00,  1.00,  0.00, 80.00,  0.00,  6.00,  0.00,  0.00,  0.00, 89.00, 11.00, 31.00,  0.00,  0.00,  0.00,  0.00,  0.00,  0.00,  0.00,  0.00,  0.00, 82.00,  0.00,  0.00,  0.00,  0.00,  0.00,  0.00, 56.00,  0.00,  0.00,  0.00,  0.00,  0.00, 24.00,  0.00,  0.00,  0.00,  0.00,  0.00,  0.00,  0.00,  0.00,  0.00,  0.00,  0.00, 63.00,  0.00,  0.00,  0.00, 12.00,  0.00,  0.00,  0.00,  0.00,  0.00,  0.00,  0.00,  0.00,  0.00, 17.00,  0.00,  0.00,  0.00,  0.00,  6.00,  0.00,  0.00,  0.00,  0.00,  8.00,  0.00,  0.00,  0.00,  0.00,  0.00,  0.00,  0.00, 28.00,  0.00,  0.00,  3.00,  0.00, 17.00,  0.00,  5.00,  0.00,  0.00,  0.00,  0.00,  0.00,  0.00,  0.00,  0.00,
30.750,  0.00,  0.00,  0.00,  1.00,  0.00, 80.00,  0.00,  6.00,  0.00,  0.00,  0.00, 89.00, 11.00, 31.00,  0.00,  0.00,  0.00,  0.00,  0.00,  0.00,  0.00,  0.00,  0.00, 82.00,  0.00,  0.00,  0.00,  0.00,  0.00,  0.00, 56.00,  0.00,  0.00,  0.00,  0.00,  0.00, 24.00,  0.00,  0.00,  0.00,  0.00,  0.00,  0.00,  0.00,  0.00,  0.00,  0.00,  0.00, 63.00,  0.00,  0.00,  0.00, 12.00,  0.00,  0.00,  0.00,  0.00,  0.00,  0.00,  0.00,  0.00,  0.00, 17.00,  0.00,  0.00,  0.00,  0.00,  6.00,  0.00,  0.00,  0.00,  0.00,  8.00,  0.00,  0.00,  0.00,  0.00,  0.00,  0.00,  0.00, 28.00,  0.00,  0.00,  6.00,  0.00, 17.00,  0.00,  5.00,  0.00,  0.00,  0.00,  0.00,  0.00,  0.00,  0.00,  0.00,
31.000,  0.00,  0.00,  0.00,  1.00,  0.00, 80.00,  0.00,  6.00,  0.00,  0.00,  0.00, 89.00, 11.00, 31.00,  0.00,  0.00,  0.00,  0.00,  0.00,  0.00,  0.00,  0.00,  0.00, 82.00,  0.00,  0.00,  0.00,  0.00,  0.00,  0.00, 56.00,  0.00,  0.00,  0.00,  0.00,  0.00, 24.00,  0.00,  0.00,  0.00,  0.00,  0.00,  0.00,  0.00,  0.00,  0.00,  0.00,  0.00, 67.00,  0.00,  0.00,  0.00, 12.00,  0.00,  0.00,  0.00,  0.00,  0.00,  0.00,  0.00,  0.00,  0.00, 17.00,  0.00,  0.00,  0.00,  0.00, 16.00,  0.00,  0.00,  0.00,  0.00,  8.00,  0.00,  0.00,  0.00,  0.00,  0.00,  0.00,  0.00, 43.00,  0.00,  0.00,  6.00,  0.00, 17.00,  0.00,  9.00,  0.00,  0.00,  0.00,  0.00,  0.00,  0.00,  0.00,  0.00,
31.250,  0.00,  0.00,  0.00,  1.00,  0.00, 80.00,  0.00,  6.00,  0.00,  0.00,  0.00, 90.00, 11.00, 31.00,  0.00,  0.00,  0.00,  0.00,  0.00,  0.00,  0.00,  0.00,  0.00, 82.00,  0.00,  0.00,  0.00,  0.00,  0.00,  0.00, 56.00,  0.00,  0.00,  0.00,  0.00,  0.00, 24.00,  0.00,  0.00,  0.00,  0.00,  0.00,  0.00,  0.00,  0.00,  0.00,  0.00,  0.00, 67.00,  0.00,  0.00,  0.00, 12.00,  0.00,  0.00,  0.00,  0.00,  0.00,  0.00,  0.00,  0.00,  0.00, 17.00,  0.00,  0.00,  0.00,  0.00, 16.00,  0.00,  0.00,  0.00,  0.00,  8.00,  0.00,  0.00,  0.00,  0.00,  0.00,  0.00,  0.00, 43.00,  0.00,  0.00,  6.00,  0.00, 17.00,  0.00,  9.00,  0.00,  0.00,  0.00,  0.00,  0.00,  0.00,  0.00,  0.00,
31.500,  0.00,  0.00,  0.00,  1.00,  0.00, 80.00,  0.00,  6.00,  0.00,  0.00,  0.00, 90.00, 11.00, 31.00,  0.00,  0.00,  0.00,  0.00,  0.00,  0.00,  0.00,  0.00,  0.00, 82.00,  0.00,  0.00,  0.00,  0.00,  0.00,  0.00, 56.00,  0.00,  0.00,  0.00,  0.00,  0.00, 24.00,  0.00,  0.00,  0.00,  0.00,  0.00,  0.00,  0.00,  0.00,  0.00,  0.00,  0.00, 67.00,  0.00,  0.00,  0.00, 12.00,  0.00,  0.00,  0.00,  0.00,  0.00,  0.00,  0.00,  0.00,  0.00, 17.00,  0.00,  0.00,  0.00,  0.00, 16.00,  0.00,  0.00,  0.00,  0.00,  8.00,  0.00,  0.00,  0.00,  0.00,  0.00,  0.00,  0.00, 43.00,  0.00,  0.00,  6.00,  0.00, 17.00,  0.00,  9.00,  0.00,  0.00,  0.00,  0.00,  0.00,  0.00,  0.00,  0.00,
31.750,  0.00,  0.00,  0.00,  1.00,  0.00, 80.00,  0.00,  6.00,  0.00,  0.00,  0.00, 90.00, 11.00, 31.00,  0.00,  0.00,  0.00,  0.00,  0.00,  0.00,  0.00,  0.00,  0.00, 82.00,  0.00,  0.00,  0.00,  0.00,  0.00,  0.00, 56.00,  0.00,  0.00,  0.00,  0.00,  0.00, 24.00,  0.00,  0.00,  0.00,  0.00,  0.00,  0.00,  0.00,  0.00,  0.00,  0.00,  0.00, 67.00,  0.00,  0.00,  0.00, 12.00,  0.00,  0.00,  0.00,  0.00,  0.00,  0.00,  0.00,  0.00,  0.00, 17.00,  0.00,  0.00,  0.00,  0.00, 16.00,  0.00,  0.00,  0.00,  0.00,  8.00,  0.00,  0.00,  0.00,  0.00,  0.00,  0.00,  0.00, 43.00,  0.00,  0.00,  6.00,  0.00, 17.00,  0.00,  9.00,  0.00,  0.00,  0.00,  0.00,  0.00,  0.00,  0.00,  0.00,
32.000,  0.00,  0.00,  0.00,  1.00,  0.00, 80.00,  0.00,  6.00,  0.00,  0.00,  0.00, 94.00, 11.00, 31.00,  0.00,  0.00,  0.00,  0.00,  0.00,  0.00,  0.00,  0.00,  0.00, 82.00,  0.00,  0.00,  0.00,  0.00,  0.00,  0.00, 56.00,  0.00,  0.00,  0.00,  0.00,  0.00, 24.00,  0.00,  0.00,  0.00,  0.00,  0.00,  0.00,  0.00,  0.00,  0.00,  0.00,  0.00, 67.00,  0.00,  0.00,  0.00, 12.00,  0.00,  0.00,  0.00,  0.00,  0.00,  0.00,  0.00,  0.00,  0.00, 17.00,  0.00,  0.00,  0.00,  0.00, 16.00,  0.00,  0.00,  0.00,  0.00,  8.00,  0.00,  0.00,  0.00,  0.00,  0.00,  0.00,  0.00, 43.00,  0.00,  0.00,  7.00,  0.00, 17.00,  0.00,  9.00,  0.00,  0.00,  0.00,  0.00,  0.00,  0.00,  0.00,  0.00,
32.250,  0.00,  0.00,  0.00,  1.00,  0.00, 80.00,  0.00,  6.00,  0.00,  0.00,  0.00, 94.00, 11.00, 31.00,  0.00,  0.00,  0.00,  0.00,  0.00,  0.00,  0.00,  0.00,  0.00, 82.00,  0.00,  0.00,  0.00,  0.00,  0.00,  0.00, 56.00,  0.00,  0.00,  0.00,  0.00,  0.00, 24.00,  0.00,  0.00,  0.00,  0.00,  0.00,  0.00,  0.00,  0.00,  0.00,  0.00,  0.00, 67.00,  0.00,  0.00,  0.00, 12.00,  0.00,  0.00,  0.00,  0.00,  0.00,  0.00,  0.00,  0.00,  0.00, 17.00,  0.00,  0.00,  0.00,  0.00, 16.00,  0.00,  0.00,  0.00,  0.00,  8.00,  0.00,  0.00,  0.00,  0.00,  0.00,  0.00,  0.00, 43.00,  0.00,  0.00,  7.00,  0.00, 17.00,  0.00,  9.00,  0.00,  0.00,  0.00,  0.00,  0.00,  0.00,  0.00,  0.00,
32.500,  0.00,  0.00,  0.00,  1.00,  0.00, 80.00,  0.00,  6.00,  0.00,  0.00,  0.00, 95.00, 11.00, 31.00,  0.00,  0.00,  0.00,  0.00,  0.00,  0.00,  0.00,  0.00,  0.00, 82.00,  0.00,  0.00,  0.00,  0.00,  0.00,  0.00, 56.00,  0.00,  0.00,  0.00,  0.00,  0.00, 24.00,  0.00,  0.00,  0.00,  0.00,  0.00,  0.00,  0.00,  0.00,  0.00,  0.00,  0.00, 67.00,  0.00,  0.00,  0.00, 12.00,  0.00,  0.00,  0.00,  0.00,  0.00,  0.00,  0.00,  0.00,  0.00, 17.00,  0.00,  0.00,  0.00,  0.00, 16.00,  0.00,  0.00,  0.00,  0.00,  8.00,  0.00,  0.00,  0.00,  0.00,  0.00,  0.00,  0.00, 43.00,  0.00,  0.00,  7.00,  0.00, 17.00,  0.00,  9.00,  0.00,  0.00,  0.00,  0.00,  0.00,  0.00,  0.00,  0.00,
32.750,  0.00,  0.00,  0.00,  1.00,  0.00, 80.00,  0.00,  6.00,  0.00,  0.00,  0.00, 95.00, 11.00, 31.00,  0.00,  0.00,  0.00,  0.00,  0.00,  0.00,  0.00,  0.00,  0.00, 82.00,  0.00,  0.00,  0.00,  0.00,  0.00,  0.00, 56.00,  0.00,  0.00,  0.00,  0.00,  0.00, 24.00,  0.00,  0.00,  0.00,  0.00,  0.00,  0.00,  0.00,  0.00,  0.00,  0.00,  0.00, 67.00,  0.00,  0.00,  0.00, 12.00,  0.00,  0.00,  0.00,  0.00,  0.00,  0.00,  0.00,  0.00,  0.00, 17.00,  0.00,  0.00,  0.00,  0.00, 16.00,  0.00,  0.00,  0.00,  0.00, 11.00,  0.00,  0.00,  0.00,  0.00,  0.00,  0.00,  0.00, 43.00,  0.00,  0.00,  7.00,  0.00, 18.00,  0.00,  9.00,  0.00,  0.00,  0.00,  0.00,  0.00,  0.00,  0.00,  0.00,
33.000,  0.00,  0.00,  0.00,  1.00,  0.00, 80.00,  0.00,  6.00,  0.00,  0.00,  0.00, 95.00, 11.00, 31.00,  0.00,  0.00,  0.00,  0.00,  0.00,  0.00,  0.00,  0.00,  0.00, 82.00,  0.00,  0.00,  0.00,  0.00,  0.00,  0.00, 56.00,  0.00,  0.00,  0.00,  0.00,  0.00, 24.00,  0.00,  0.00,  0.00,  0.00,  0.00,  0.00,  0.00,  0.00,  0.00,  0.00,  0.00, 67.00,  0.00,  0.00,  0.00, 12.00,  0.00,  0.00,  0.00,  0.00,  0.00,  0.00,  0.00,  0.00,  0.00, 17.00,  0.00,  0.00,  0.00,  0.00, 16.00,  0.00,  0.00,  0.00,  0.00, 11.00,  0.00,  0.00,  0.00,  0.00,  0.00,  0.00,  0.00, 43.00,  0.00,  0.00,  7.00,  0.00, 18.00,  0.00,  9.00,  0.00,  0.00,  0.00,  0.00,  0.00,  0.00,  0.00,  5.00,
33.250,  0.00,  0.00,  0.00,  1.00,  0.00, 80.00,  0.00,  6.00,  0.00,  0.00,  0.00, 95.00, 11.00, 31.00,  0.00,  0.00,  0.00,  0.00,  0.00,  0.00,  0.00,  0.00,  0.00, 82.00,  0.00,  0.00,  0.00,  0.00,  0.00,  0.00, 56.00,  0.00,  0.00,  0.00,  0.00,  0.00, 24.00,  0.00,  0.00,  0.00,  0.00,  0.00,  0.00,  0.00,  0.00,  0.00,  0.00,  0.00, 67.00,  0.00,  0.00,  0.00, 12.00,  0.00,  0.00,  0.00,  0.00,  0.00,  0.00,  0.00,  0.00,  0.00, 17.00,  0.00,  0.00,  0.00,  0.00, 16.00,  0.00,  0.00,  0.00,  0.00, 11.00,  0.00,  0.00,  0.00,  0.00,  0.00,  0.00,  0.00, 43.00,  0.00,  0.00,  8.00,  0.00, 18.00,  0.00,  9.00,  0.00,  0.00,  0.00,  0.00,  0.00,  0.00,  0.00,  5.00,
33.500,  0.00,  0.00,  0.00,  1.00,  0.00, 80.00,  0.00,  6.00,  0.00,  0.00,  0.00, 95.00, 11.00, 31.00,  0.00,  0.00,  0.00,  0.00,  0.00,  0.00,  0.00,  0.00,  0.00, 82.00,  0.00,  0.00,  0.00,  0.00,  0.00,  0.00, 56.00,  0.00,  0.00,  0.00,  0.00,  0.00, 24.00,  0.00,  0.00,  0.00,  0.00,  0.00,  0.00,  0.00,  0.00,  0.00,  0.00,  0.00, 67.00,  0.00,  0.00,  0.00, 12.00,  0.00,  0.00,  0.00,  0.00,  0.00,  0.00,  0.00,  0.00,  0.00, 17.00,  0.00,  0.00,  0.00,  0.00, 16.00,  0.00,  0.00,  0.00,  0.00, 11.00,  0.00,  0.00,  0.00,  0.00,  0.00,  0.00,  0.00, 43.00,  0.00,  0.00,  8.00,  0.00, 18.00,  0.00,  9.00,  0.00,  0.00,  0.00,  0.00,  0.00,  0.00,  0.00,  5.00,
33.750,  0.00,  0.00,  0.00,  1.00,  0.00, 80.00,  0.00,  6.00,  0.00,  0.00,  0.00, 98.00, 11.00, 31.00,  0.00,  0.00,  0.00,  0.00,  0.00,  0.00,  0.00,  0.00,  0.00, 82.00,  0.00,  0.00,  0.00,  0.00,  0.00,  0.00, 56.00,  0.00,  0.00,  0.00,  0.00,  0.00, 24.00,  0.00,  0.00,  0.00,  0.00,  0.00,  0.00,  0.00,  0.00,  0.00,  0.00,  0.00, 67.00,  0.00,  0.00,  0.00, 12.00,  0.00,  0.00,  0.00,  0.00,  0.00,  0.00,  0.00,  0.00,  0.00, 17.00,  0.00,  0.00,  0.00,  0.00, 16.00,  0.00,  0.00,  0.00,  0.00, 11.00,  0.00,  0.00,  0.00,  0.00,  0.00,  0.00,  0.00, 43.00,  0.00,  0.00,  9.00,  0.00, 18.00,  0.00,  9.00,  0.00,  0.00,  0.00,  0.00,  0.00,  0.00,  0.00,  5.00,
34.000,  0.00,  0.00,  0.00,  1.00,  0.00, 80.00,  0.00,  6.00,  0.00,  0.00,  0.00, 98.00, 11.00, 31.00,  0.00,  0.00,  0.00,  0.00,  0.00,  0.00,  0.00,  0.00,  0.00, 82.00,  0.00,  0.00,  0.00,  0.00,  0.00,  0.00, 56.00,  0.00,  0.00,  0.00,  0.00,  0.00, 24.00,  0.00,  0.00,  0.00,  0.00,  0.00,  0.00,  0.00,  0.00,  0.00,  0.00,  0.00, 67.00,  0.00,  0.00,  0.00, 12.00,  0.00,  0.00,  0.00,  0.00,  0.00,  0.00,  0.00,  0.00,  0.00, 17.00,  0.00,  0.00,  0.00,  0.00, 16.00,  0.00,  0.00,  0.00,  0.00, 11.00,  0.00,  0.00,  0.00,  0.00,  0.00,  0.00,  0.00, 43.00,  0.00,  0.00, 10.00,  0.00, 18.00,  0.00,  9.00,  0.00,  0.00,  0.00,  0.00,  0.00,  0.00,  0.00,  5.00,
34.250,  0.00,  0.00,  0.00,  1.00,  0.00, 80.00,  0.00,  6.00,  0.00,  0.00,  0.00, 98.00, 11.00, 31.00,  0.00,  0.00,  0.00,  0.00,  0.00,  0.00,  0.00,  0.00,  0.00, 82.00,  0.00,  0.00,  0.00,  0.00,  0.00,  0.00, 56.00,  0.00,  0.00,  0.00,  0.00,  0.00, 24.00,  0.00,  0.00,  0.00,  0.00,  0.00,  0.00,  0.00,  0.00,  0.00,  0.00,  0.00, 67.00,  0.00,  0.00,  0.00, 12.00,  0.00,  0.00,  0.00,  0.00,  0.00,  0.00,  0.00,  0.00,  0.00, 17.00,  0.00,  0.00,  0.00,  0.00, 16.00,  0.00,  0.00,  0.00,  0.00, 11.00,  0.00,  0.00,  0.00,  0.00,  0.00,  0.00,  0.00, 43.00,  0.00,  0.00, 10.00,  0.00, 18.00,  0.00,  9.00,  0.00,  0.00,  0.00,  0.00,  0.00,  0.00,  0.00,  5.00,
34.500,  0.00,  0.00,  0.00,  1.00,  0.00, 80.00,  0.00,  6.00,  0.00,  0.00,  0.00, 98.00, 11.00, 31.00,  0.00,  0.00,  0.00,  0.00,  0.00,  0.00,  0.00,  0.00,  0.00, 82.00,  0.00,  0.00,  0.00,  0.00,  0.00,  0.00, 56.00,  0.00,  0.00,  0.00,  0.00,  0.00, 24.00,  0.00,  0.00,  0.00,  0.00,  0.00,  0.00,  0.00,  0.00,  0.00,  0.00,  0.00, 67.00,  0.00,  0.00,  0.00, 12.00,  0.00,  0.00,  0.00,  0.00,  0.00,  0.00,  0.00,  0.00,  0.00, 17.00,  0.00,  0.00,  0.00,  0.00, 16.00,  0.00,  0.00,  0.00,  0.00, 11.00,  0.00,  0.00,  0.00,  0.00,  0.00,  0.00,  0.00, 43.00,  0.00,  0.00, 10.00,  0.00, 18.00,  0.00,  9.00,  0.00,  0.00,  0.00,  0.00,  0.00,  0.00,  0.00,  5.00,
34.750,  0.00,  0.00,  0.00,  1.00,  0.00, 80.00,  0.00,  6.00,  0.00,  0.00,  3.00, 98.00, 11.00, 31.00,  0.00,  0.00,  0.00,  0.00,  0.00,  0.00,  0.00,  0.00,  0.00, 82.00,  0.00,  0.00,  0.00,  0.00,  0.00,  0.00, 56.00,  0.00,  0.00,  0.00,  0.00,  0.00, 24.00,  0.00,  0.00,  0.00,  0.00,  0.00,  0.00,  0.00,  0.00,  0.00,  0.00,  0.00, 67.00,  0.00,  0.00,  0.00, 12.00,  0.00,  0.00,  0.00,  0.00,  0.00,  0.00,  0.00,  0.00,  0.00, 17.00,  0.00,  0.00,  0.00,  0.00, 16.00,  0.00,  0.00,  0.00,  0.00, 11.00,  0.00,  0.00,  0.00,  0.00,  0.00,  0.00,  0.00, 43.00,  0.00,  0.00, 10.00,  0.00, 18.00,  0.00,  9.00,  0.00,  0.00,  0.00,  0.00,  0.00,  0.00,  0.00,  5.00,
35.000,  0.00,  0.00,  0.00,  1.00,  0.00, 80.00,  0.00,  6.00,  0.00,  0.00,  8.00, 98.00, 11.00, 31.00,  0.00,  0.00,  0.00,  0.00,  0.00,  0.00,  0.00,  0.00,  0.00, 82.00,  0.00,  0.00,  0.00,  0.00,  0.00,  0.00, 56.00,  0.00,  0.00,  0.00,  0.00,  0.00, 24.00,  0.00,  0.00,  0.00,  0.00,  0.00,  0.00,  0.00,  0.00,  0.00,  0.00,  0.00, 67.00,  0.00,  0.00,  0.00, 12.00,  0.00,  0.00,  0.00,  0.00,  0.00,  0.00,  0.00,  0.00,  0.00, 17.00,  0.00,  0.00,  0.00,  0.00, 16.00,  0.00,  0.00,  0.00,  0.00, 11.00,  0.00,  0.00,  0.00,  0.00,  0.00,  0.00,  0.00, 43.00,  0.00,  0.00, 10.00,  0.00, 18.00,  0.00,  9.00,  0.00,  0.00,  0.00,  0.00,  0.00,  0.00,  0.00,  5.00,
35.250,  0.00,  0.00,  0.00,  1.00,  0.00, 80.00,  0.00,  6.00,  0.00,  0.00, 11.00, 98.00, 11.00, 31.00,  0.00,  0.00,  0.00,  0.00,  0.00,  0.00,  0.00,  0.00,  0.00, 82.00,  0.00,  0.00,  0.00,  0.00,  0.00,  0.00, 56.00,  0.00,  0.00,  0.00,  0.00,  0.00, 24.00,  0.00,  0.00,  0.00,  0.00,  0.00,  0.00,  0.00,  0.00,  0.00,  0.00,  0.00, 67.00,  0.00,  0.00,  0.00, 12.00,  0.00,  0.00,  0.00,  0.00,  0.00,  0.00,  0.00,  0.00,  0.00, 17.00,  0.00,  0.00,  0.00,  0.00, 16.00,  0.00,  0.00,  0.00,  0.00, 11.00,  0.00,  0.00,  0.00,  0.00,  0.00,  0.00,  0.00, 43.00,  0.00,  0.00, 10.00,  0.00, 18.00,  0.00,  9.00,  0.00,  0.00,  0.00,  0.00,  0.00,  0.00,  0.00,  5.00,
35.500,  0.00,  0.00,  0.00,  1.00,  0.00, 80.00,  0.00,  6.00,  0.00,  0.00, 11.00, 98.00, 11.00, 31.00,  0.00,  0.00,  0.00,  0.00,  0.00,  0.00,  0.00,  0.00,  0.00, 82.00,  0.00,  0.00,  0.00,  0.00,  0.00,  0.00, 56.00,  0.00,  0.00,  0.00,  0.00,  0.00, 24.00,  0.00,  0.00,  0.00,  0.00,  0.00,  0.00,  0.00,  0.00,  0.00,  0.00,  0.00, 67.00,  0.00,  0.00,  0.00, 12.00,  0.00,  0.00,  0.00,  0.00,  0.00,  0.00,  0.00,  0.00,  0.00, 17.00,  0.00,  0.00,  0.00,  0.00, 16.00,  0.00,  0.00,  0.00,  0.00, 11.00,  0.00,  0.00,  0.00,  0.00,  0.00,  0.00,  0.00, 43.00,  0.00,  0.00, 10.00,  0.00, 18.00,  0.00,  9.00,  0.00,  0.00,  0.00,  0.00,  0.00,  0.00,  0.00,  5.00,
35.750,  0.00,  0.00,  0.00,  1.00,  0.00, 80.00,  0.00,  6.00,  0.00,  0.00, 11.00, 98.00, 11.00, 31.00,  0.00,  0.00,  0.00,  0.00,  0.00,  0.00,  0.00,  0.00,  0.00, 82.00,  0.00,  0.00,  0.00,  0.00,  0.00,  0.00, 56.00,  0.00,  0.00,  0.00,  0.00,  0.00, 24.00,  0.00,  0.00,  0.00,  0.00,  0.00,  0.00,  0.00,  0.00,  0.00,  0.00,  0.00, 67.00,  0.00,  0.00,  0.00, 12.00,  0.00,  0.00,  0.00,  0.00,  0.00,  0.00,  0.00,  0.00,  0.00, 17.00,  0.00,  0.00,  0.00,  0.00, 16.00,  0.00,  0.00,  0.00,  0.00, 11.00,  0.00,  0.00,  0.00,  0.00,  0.00,  0.00,  0.00, 43.00,  0.00,  0.00, 10.00,  0.00, 18.00,  0.00,  9.00,  0.00,  0.00,  0.00,  0.00,  0.00,  0.00,  0.00,  5.00,
36.000,  0.00,  0.00,  0.00,  1.00,  0.00, 80.00,  0.00,  6.00,  0.00,  0.00, 11.00, 98.00, 11.00, 31.00,  0.00,  0.00,  0.00,  0.00,  0.00,  0.00,  0.00,  0.00,  0.00, 82.00,  0.00,  0.00,  0.00,  0.00,  0.00,  0.00, 56.00,  0.00,  0.00,  0.00,  0.00,  0.00, 24.00,  0.00,  0.00,  0.00,  0.00,  0.00,  0.00,  0.00,  0.00,  0.00,  0.00,  0.00, 67.00,  0.00,  0.00,  0.00, 12.00,  0.00,  0.00,  0.00,  0.00,  0.00,  0.00,  0.00,  0.00,  0.00, 17.00,  0.00,  0.00,  0.00,  0.00, 16.00,  0.00,  0.00,  0.00,  0.00, 11.00,  0.00,  0.00,  0.00,  0.00,  0.00,  0.00,  0.00, 43.00,  0.00,  0.00, 10.00,  0.00, 18.00,  0.00,  9.00,  0.00,  0.00,  0.00,  0.00,  0.00,  0.00,  0.00,  5.00,
36.250,  0.00,  0.00,  0.00,  1.00,  0.00, 80.00,  0.00,  6.00,  0.00,  0.00, 11.00, 98.00, 11.00, 31.00,  0.00,  0.00,  0.00,  0.00,  0.00,  0.00,  0.00,  0.00,  0.00, 82.00,  0.00,  0.00,  0.00,  0.00,  0.00,  0.00, 56.00,  0.00,  0.00,  0.00,  0.00,  0.00, 24.00,  0.00,  0.00,  0.00,  0.00,  0.00,  0.00,  0.00,  0.00,  0.00,  0.00,  0.00, 67.00,  0.00,  0.00,  0.00, 12.00,  0.00,  0.00,  0.00,  0.00,  0.00,  0.00,  0.00,  0.00,  0.00, 17.00,  0.00,  0.00,  0.00,  0.00, 16.00,  0.00,  0.00,  0.00,  0.00, 11.00,  0.00,  0.00,  0.00,  0.00,  0.00,  0.00,  0.00, 43.00,  0.00,  0.00, 10.00,  0.00, 18.00,  0.00,  9.00,  0.00,  0.00,  0.00,  0.00,  0.00,  0.00,  0.00,  5.00,
36.500,  0.00,  0.00,  0.00,  1.00,  0.00, 80.00,  0.00,  6.00,  0.00,  0.00, 11.00, 98.00, 11.00, 31.00,  0.00,  0.00,  0.00,  0.00,  0.00,  0.00,  0.00,  0.00,  0.00, 82.00,  0.00,  0.00,  0.00,  0.00,  0.00,  0.00, 56.00,  0.00,  0.00,  0.00,  0.00,  0.00, 24.00,  0.00,  0.00,  0.00,  0.00,  0.00,  0.00,  0.00,  0.00,  0.00,  0.00,  0.00, 67.00,  0.00,  0.00,  0.00, 12.00,  0.00,  0.00,  0.00,  0.00,  0.00,  0.00,  0.00,  0.00,  0.00, 17.00,  0.00,  0.00,  0.00,  0.00, 19.00,  0.00,  0.00,  0.00,  0.00, 11.00,  0.00,  0.00,  0.00,  0.00,  0.00,  0.00,  0.00, 50.00,  0.00,  0.00, 10.00,  0.00, 18.00,  0.00, 12.00,  0.00,  0.00,  0.00,  0.00,  0.00,  0.00,  0.00,  5.00,
36.750,  0.00,  0.00,  0.00,  1.00,  0.00, 80.00,  0.00,  6.00,  0.00,  0.00, 11.00, 98.00, 11.00, 31.00,  0.00,  0.00,  0.00,  0.00,  0.00,  0.00,  0.00,  0.00,  0.00, 82.00,  0.00,  0.00,  0.00,  0.00,  0.00,  0.00, 56.00,  0.00,  0.00,  0.00,  0.00,  0.00, 24.00,  0.00,  0.00,  0.00,  0.00,  0.00,  0.00,  0.00,  0.00,  0.00,  0.00,  0.00, 67.00,  0.00,  0.00,  0.00, 12.00,  0.00,  0.00,  0.00,  0.00,  0.00,  0.00,  0.00,  0.00,  0.00, 17.00,  0.00,  0.00,  0.00,  0.00, 19.00,  0.00,  0.00,  0.00,  0.00, 11.00,  0.00,  0.00,  0.00,  0.00,  0.00,  0.00,  0.00, 50.00,  0.00,  0.00, 10.00,  0.00, 18.00,  0.00, 12.00,  0.00,  0.00,  0.00,  0.00,  0.00,  0.00,  0.00,  5.00,
37.000,  0.00,  0.00,  0.00,  1.00,  0.00, 80.00,  0.00,  6.00,  0.00,  0.00, 11.00, 98.00, 11.00, 31.00,  0.00,  0.00,  0.00,  0.00,  0.00,  0.00,  0.00,  0.00,  0.00, 82.00,  0.00,  0.00,  0.00,  0.00,  0.00,  0.00, 56.00,  0.00,  0.00,  0.00,  0.00,  0.00, 24.00,  0.00,  0.00,  0.00,  0.00,  0.00,  0.00,  0.00,  0.00,  0.00,  0.00,  0.00, 67.00,  0.00,  0.00,  0.00, 12.00,  0.00,  0.00,  0.00,  0.00,  0.00,  0.00,  0.00,  0.00,  0.00, 17.00,  0.00,  0.00,  0.00,  0.00, 19.00,  0.00,  0.00,  0.00,  0.00, 11.00,  0.00,  0.00,  0.00,  0.00,  0.00,  0.00,  0.00, 50.00,  0.00,  0.00, 10.00,  0.00, 18.00,  0.00, 12.00,  0.00,  0.00,  0.00,  0.00,  0.00,  0.00,  0.00,  5.00,
37.250,  0.00,  0.00,  0.00,  1.00,  0.00, 80.00,  0.00,  6.00,  0.00,  0.00, 11.00, 98.00, 11.00, 31.00,  0.00,  0.00,  0.00,  0.00,  0.00,  0.00,  0.00,  0.00,  0.00, 82.00,  0.00,  0.00,  0.00,  0.00,  0.00,  0.00, 56.00,  0.00,  0.00,  0.00,  0.00,  0.00, 24.00,  0.00,  0.00,  0.00,  0.00,  0.00,  0.00,  0.00,  0.00,  0.00,  0.00,  0.00, 67.00,  0.00,  0.00,  0.00, 12.00,  0.00,  0.00,  0.00,  0.00,  0.00,  0.00,  0.00,  0.00,  0.00, 17.00,  0.00,  0.00,  0.00,  0.00, 19.00,  0.00,  0.00,  0.00,  0.00, 11.00,  0.00,  0.00,  0.00,  0.00,  0.00,  0.00,  0.00, 50.00,  0.00,  0.00, 11.00,  0.00, 18.00,  0.00, 12.00,  0.00,  0.00,  0.00,  0.00,  0.00,  0.00,  0.00,  5.00,
37.500,  0.00,  0.00,  0.00,  1.00,  0.00, 80.00,  0.00,  6.00,  0.00,  0.00, 11.00, 98.00, 11.00, 31.00,  0.00,  0.00,  0.00,  0.00,  0.00,  0.00,  0.00,  0.00,  0.00, 82.00,  0.00,  0.00,  0.00,  0.00,  0.00,  0.00, 56.00,  0.00,  0.00,  0.00,  0.00,  0.00, 24.00,  0.00,  0.00,  0.00,  0.00,  0.00,  0.00,  0.00,  0.00,  0.00,  0.00,  0.00, 67.00,  0.00,  0.00,  0.00, 12.00,  0.00,  0.00,  0.00,  0.00,  0.00,  0.00,  0.00,  0.00,  0.00, 17.00,  0.00,  0.00,  0.00,  0.00, 19.00,  0.00,  0.00,  0.00,  0.00, 11.00,  0.00,  0.00,  0.00,  0.00,  0.00,  0.00,  0.00, 50.00,  0.00,  0.00, 11.00,  0.00, 18.00,  0.00, 12.00,  0.00,  0.00,  0.00,  0.00,  0.00,  0.00,  0.00,  5.00,
37.750,  0.00,  0.00,  0.00,  1.00,  0.00, 80.00,  0.00,  6.00,  0.00,  0.00, 14.00,100.00, 11.00, 31.00,  0.00,  0.00,  0.00,  0.00,  0.00,  0.00,  0.00,  0.00,  0.00, 82.00,  0.00,  0.00,  0.00,  0.00,  0.00,  0.00, 56.00,  0.00,  0.00,  0.00,  0.00,  0.00, 24.00,  0.00,  0.00,  0.00,  0.00,  0.00,  0.00,  0.00,  0.00,  0.00,  0.00,  0.00, 67.00,  0.00,  0.00,  0.00, 12.00,  0.00,  0.00,  0.00,  0.00,  0.00,  0.00,  0.00,  0.00,  0.00, 17.00,  0.00,  0.00,  0.00,  0.00, 19.00,  0.00,  0.00,  0.00,  0.00, 11.00,  0.00,  0.00,  0.00,  0.00,  0.00,  0.00,  0.00, 50.00,  0.00,  0.00, 11.00,  0.00, 18.00,  0.00, 12.00,  0.00,  0.00,  0.00,  0.00,  0.00,  0.00,  0.00,  5.00,
38.000,  0.00,  0.00,  0.00,  1.00,  0.00, 80.00,  0.00,  6.00,  0.00,  0.00, 14.00,100.00, 11.00, 31.00,  0.00,  0.00,  0.00,  0.00,  0.00,  0.00,  0.00,  0.00,  0.00, 82.00,  0.00,  0.00,  0.00,  0.00,  0.00,  0.00, 56.00,  0.00,  0.00,  0.00,  0.00,  0.00, 24.00,  0.00,  0.00,  0.00,  0.00,  0.00,  0.00,  0.00,  0.00,  0.00,  0.00,  0.00, 67.00,  0.00,  0.00,  0.00, 12.00,  0.00,  0.00,  0.00,  0.00,  0.00,  0.00,  0.00,  0.00,  0.00, 17.00,  0.00,  0.00,  0.00,  0.00, 19.00,  0.00,  0.00,  0.00,  0.00, 11.00,  0.00,  0.00,  0.00,  0.00,  0.00,  0.00,  0.00, 50.00,  0.00,  0.00, 12.00,  0.00, 18.00,  0.00, 12.00,  0.00,  0.00,  0.00,  0.00,  0.00,  0.00,  0.00,  5.00,
38.250,  0.00,  0.00,  0.00,  1.00,  0.00, 80.00,  0.00,  6.00,  0.00,  0.00, 14.00,100.00, 11.00, 31.00,  0.00,  0.00,  0.00,  0.00,  0.00,  0.00,  0.00,  0.00,  0.00, 82.00,  0.00,  0.00,  0.00,  0.00,  0.00,  0.00, 56.00,  0.00,  0.00,  0.00,  0.00,  0.00, 24.00,  0.00,  0.00,  0.00,  0.00,  0.00,  0.00,  0.00,  0.00,  0.00,  0.00,  0.00, 67.00,  0.00,  0.00,  0.00, 12.00,  0.00,  0.00,  0.00,  0.00,  0.00,  0.00,  0.00,  0.00,  0.00, 17.00,  0.00,  0.00,  0.00,  0.00, 19.00,  0.00,  0.00,  0.00,  0.00, 11.00,  0.00,  0.00,  0.00,  0.00,  0.00,  0.00,  0.00, 50.00,  0.00,  0.00, 12.00,  0.00, 18.00,  0.00, 12.00,  0.00,  0.00,  0.00,  0.00,  0.00,  0.00,  0.00,  5.00,
38.500,  0.00,  0.00,  0.00,  1.00,  0.00, 80.00,  0.00,  6.00,  0.00,  0.00, 14.00,100.00, 11.00, 31.00,  0.00,  0.00,  0.00,  0.00,  0.00,  0.00,  0.00,  0.00,  0.00, 82.00,  0.00,  0.00,  0.00,  0.00,  0.00,  0.00, 56.00,  0.00,  0.00,  0.00,  0.00,  0.00, 24.00,  0.00,  0.00,  0.00,  0.00,  0.00,  0.00,  0.00,  0.00,  0.00,  0.00,  0.00, 67.00,  0.00,  0.00,  0.00, 12.00,  0.00,  0.00,  0.00,  0.00,  0.00,  0.00,  0.00,  0.00,  0.00, 17.00,  0.00,  0.00,  0.00,  0.00, 19.00,  0.00,  0.00,  0.00,  0.00, 11.00,  0.00,  0.00,  0.00,  0.00,  0.00,  0.00,  0.00, 50.00,  0.00,  0.00, 12.00,  0.00, 18.00,  0.00, 12.00,  0.00,  0.00,  0.00,  0.00,  0.00,  0.00,  0.00,  5.00,
38.750,  0.00,  0.00,  0.00,  1.00,  0.00, 80.00,  0.00,  6.00,  0.00,  0.00, 14.00,100.00, 11.00, 31.00,  0.00,  0.00,  0.00,  0.00,  0.00,  0.00,  0.00,  0.00,  0.00, 82.00,  0.00,  0.00,  0.00,  0.00,  0.00,  0.00, 56.00,  0.00,  0.00,  0.00,  0.00,  0.00, 24.00,  0.00,  0.00,  0.00,  0.00,  0.00,  0.00,  0.00,  0.00,  0.00,  0.00,  0.00, 67.00,  0.00,  0.00,  0.00, 12.00,  0.00,  0.00,  0.00,  0.00,  0.00,  0.00,  0.00,  0.00,  0.00, 17.00,  0.00,  0.00,  0.00,  0.00, 19.00,  0.00,  0.00,  0.00,  0.00, 11.00,  0.00,  0.00,  0.00,  0.00,  0.00,  0.00,  0.00, 50.00,  0.00,  0.00, 14.00,  0.00, 18.00,  0.00, 12.00,  0.00,  0.00,  0.00,  0.00,  0.00,  0.00,  0.00,  5.00,
39.000,  0.00,  0.00,  1.00,  1.00,  0.00, 80.00,  1.00,  6.00,  0.00,  0.00, 14.00,100.00, 11.00, 31.00,  0.00,  0.00,  0.00,  0.00,  0.00,  0.00,  0.00,  0.00,  0.00, 82.00,  0.00,  0.00,  0.00,  0.00,  0.00,  0.00, 56.00,  0.00,  0.00,  0.00,  0.00,  0.00, 24.00,  0.00,  0.00,  0.00,  0.00,  0.00,  0.00,  0.00,  0.00,  0.00,  0.00,  0.00, 67.00,  0.00,  0.00,  0.00, 12.00,  0.00,  0.00,  0.00,  0.00,  0.00,  0.00,  0.00,  0.00,  0.00, 17.00,  0.00,  0.00,  0.00,  0.00, 19.00,  0.00,  0.00,  0.00,  0.00, 11.00,  0.00,  0.00,  0.00,  0.00,  0.00,  0.00,  0.00, 50.00,  0.00,  0.00, 14.00,  0.00, 18.00,  0.00, 12.00,  0.00,  0.00,  0.00,  0.00,  0.00,  0.00,  0.00,  5.00,
39.250,  0.00,  0.00,  1.00,  1.00,  0.00, 80.00,  1.00,  6.00,  0.00,  0.00, 14.00,100.00, 11.00, 31.00,  0.00,  0.00,  0.00,  0.00,  0.00,  0.00,  0.00,  0.00,  0.00, 82.00,  0.00,  0.00,  0.00,  0.00,  0.00,  0.00, 56.00,  0.00,  0.00,  0.00,  0.00,  0.00, 24.00,  0.00,  0.00,  0.00,  0.00,  0.00,  0.00,  0.00,  0.00,  0.00,  0.00,  0.00, 67.00,  0.00,  0.00,  0.00, 12.00,  0.00,  0.00,  0.00,  0.00,  0.00,  0.00,  0.00,  0.00,  0.00, 17.00,  0.00,  0.00,  0.00,  0.00, 20.00,  0.00,  0.00,  0.00,  0.00, 11.00,  0.00,  0.00,  0.00,  0.00,  0.00,  0.00,  0.00, 52.00,  0.00,  0.00, 14.00,  0.00, 18.00,  0.00, 12.00,  0.00,  0.00,  0.00,  0.00,  0.00,  0.00,  0.00,  5.00,
39.500,  0.00,  0.00,  1.00,  1.00,  0.00, 80.00,  1.00,  6.00,  0.00,  0.00, 14.00,100.00, 11.00, 31.00,  0.00,  0.00,  0.00,  0.00,  0.00,  0.00,  0.00,  0.00,  0.00, 82.00,  0.00,  0.00,  0.00,  0.00,  0.00,  0.00, 56.00,  0.00,  0.00,  0.00,  0.00,  0.00, 24.00,  0.00,  0.00,  0.00,  0.00,  0.00,  0.00,  0.00,  0.00,  0.00,  0.00,  0.00, 67.00,  0.00,  0.00,  0.00, 12.00,  0.00,  0.00,  0.00,  0.00,  0.00,  0.00,  0.00,  0.00,  0.00, 17.00,  0.00,  0.00,  0.00,  0.00, 20.00,  0.00,  0.00,  0.00,  0.00, 11.00,  0.00,  0.00,  0.00,  0.00,  0.00,  0.00,  0.00, 52.00,  0.00,  0.00, 14.00,  0.00, 18.00,  0.00, 12.00,  0.00,  0.00,  0.00,  0.00,  0.00,  0.00,  0.00,  5.00,
39.750,  0.00,  0.00,  1.00,  1.00,  0.00, 80.00,  1.00,  6.00,  0.00,  0.00, 14.00,100.00, 11.00, 31.00,  0.00,  0.00,  0.00,  0.00,  0.00,  0.00,  0.00,  0.00,  0.00, 82.00,  0.00,  0.00,  0.00,  0.00,  0.00,  0.00, 56.00,  0.00,  0.00,  0.00,  0.00,  0.00, 24.00,  0.00,  0.00,  0.00,  0.00,  0.00,  0.00,  0.00,  0.00,  0.00,  0.00,  0.00, 67.00,  0.00,  0.00,  0.00, 12.00,  0.00,  0.00,  0.00,  0.00,  0.00,  0.00,  0.00,  0.00,  0.00, 17.00,  0.00,  0.00,  0.00,  0.00, 20.00,  0.00,  0.00,  0.00,  0.00, 11.00,  0.00,  0.00,  0.00,  0.00,  0.00,  0.00,  0.00, 52.00,  0.00,  0.00, 14.00,  0.00, 18.00,  0.00, 12.00,  0.00,  0.00,  0.00,  0.00,  0.00,  0.00,  0.00,  5.00,
40.000,  0.00,  0.00,  1.00,  1.00,  0.00, 80.00,  1.00,  6.00,  0.00,  0.00, 14.00,100.00, 11.00, 31.00,  0.00,  0.00,  0.00,  0.00,  0.00,  0.00,  0.00,  0.00,  0.00, 82.00,  0.00,  0.00,  0.00,  0.00,  0.00,  0.00, 56.00,  0.00,  0.00,  0.00,  0.00,  0.00, 24.00,  0.00,  0.00,  0.00,  0.00,  0.00,  0.00,  0.00,  0.00,  0.00,  0.00,  0.00, 67.00,  0.00,  0.00,  0.00, 12.00,  0.00,  0.00,  0.00,  0.00,  0.00,  0.00,  0.00,  0.00,  0.00, 17.00,  0.00,  0.00,  0.00,  0.00, 20.00,  0.00,  0.00,  0.00,  0.00, 11.00,  0.00,  0.00,  0.00,  0.00,  0.00,  0.00,  0.00, 52.00,  0.00,  0.00, 14.00,  0.00, 18.00,  0.00, 12.00,  0.00,  0.00,  0.00,  0.00,  0.00,  0.00,  0.00,  5.00,
40.250,  0.00,  0.00,  1.00,  1.00,  0.00, 80.00,  1.00,  6.00,  0.00,  0.00, 14.00,100.00, 11.00, 31.00,  0.00,  0.00,  0.00,  0.00,  0.00,  0.00,  0.00,  0.00,  0.00, 82.00,  0.00,  0.00,  0.00,  0.00,  0.00,  0.00, 56.00,  0.00,  0.00,  0.00,  0.00,  0.00, 24.00,  0.00,  0.00,  0.00,  0.00,  0.00,  0.00,  0.00,  0.00,  0.00,  0.00,  0.00, 67.00,  0.00,  0.00,  0.00, 12.00,  0.00,  0.00,  0.00,  0.00,  0.00,  0.00,  0.00,  0.00,  0.00, 17.00,  0.00,  0.00,  0.00,  0.00, 20.00,  0.00,  0.00,  0.00,  0.00, 11.00,  0.00,  0.00,  0.00,  0.00,  0.00,  0.00,  0.00, 52.00,  0.00,  0.00, 14.00,  0.00, 18.00,  0.00, 12.00,  0.00,  0.00,  0.00,  0.00,  0.00,  0.00,  0.00,  5.00,
40.500,  0.00,  0.00,  1.00,  1.00,  0.00, 80.00,  1.00,  6.00,  0.00,  0.00, 14.00,100.00, 11.00, 31.00,  0.00,  0.00,  0.00,  0.00,  0.00,  0.00,  0.00,  0.00,  0.00, 82.00,  0.00,  0.00,  0.00,  0.00,  0.00,  0.00, 56.00,  0.00,  0.00,  0.00,  0.00,  0.00, 24.00,  0.00,  0.00,  0.00,  0.00,  0.00,  0.00,  0.00,  0.00,  0.00,  0.00,  0.00, 67.00,  0.00,  0.00,  0.00, 12.00,  0.00,  0.00,  0.00,  0.00,  0.00,  0.00,  0.00,  0.00,  0.00, 17.00,  0.00,  0.00,  0.00,  0.00, 20.00,  0.00,  0.00,  0.00,  0.00, 11.00,  0.00,  0.00,  0.00,  0.00,  0.00,  0.00,  0.00, 52.00,  0.00,  0.00, 14.00,  0.00, 18.00,  0.00, 12.00,  0.00,  0.00,  0.00,  0.00,  0.00,  0.00,  0.00,  5.00,
40.750,  0.00,  0.00,  1.00,  1.00,  0.00, 80.00,  1.00,  6.00,  0.00,  0.00, 14.00,100.00, 11.00, 31.00,  0.00,  0.00,  0.00,  0.00,  0.00,  0.00,  0.00,  0.00,  0.00, 82.00,  0.00,  0.00,  0.00,  0.00,  0.00,  0.00, 56.00,  0.00,  0.00,  0.00,  0.00,  0.00, 24.00,  0.00,  0.00,  0.00,  0.00,  0.00,  0.00,  0.00,  0.00,  0.00,  0.00,  0.00, 67.00,  0.00,  0.00,  0.00, 12.00,  0.00,  0.00,  0.00,  0.00,  0.00,  0.00,  0.00,  0.00,  0.00, 17.00,  0.00,  0.00,  0.00,  0.00, 20.00,  0.00,  0.00,  0.00,  0.00, 11.00,  0.00,  0.00,  0.00,  0.00,  0.00,  0.00,  0.00, 52.00,  0.00,  0.00, 14.00,  0.00, 18.00,  0.00, 12.00,  0.00,  0.00,  0.00,  0.00,  0.00,  0.00,  0.00,  5.00,
41.000,  0.00,  0.00,  1.00,  1.00,  0.00, 80.00,  1.00,  6.00,  0.00,  0.00, 14.00,100.00, 11.00, 31.00,  0.00,  0.00,  0.00,  0.00,  0.00,  0.00,  0.00,  0.00,  0.00, 82.00,  0.00,  0.00,  0.00,  0.00,  0.00,  0.00, 56.00,  0.00,  0.00,  0.00,  0.00,  0.00, 24.00,  0.00,  0.00,  0.00,  0.00,  0.00,  0.00,  0.00,  0.00,  0.00,  0.00,  0.00, 67.00,  0.00,  0.00,  0.00, 12.00,  0.00,  0.00,  0.00,  0.00,  0.00,  0.00,  0.00,  0.00,  0.00, 17.00,  0.00,  0.00,  0.00,  0.00, 20.00,  0.00,  0.00,  0.00,  0.00, 11.00,  0.00,  0.00,  0.00,  0.00,  0.00,  0.00,  0.00, 52.00,  0.00,  0.00, 14.00,  0.00, 18.00,  0.00, 12.00,  0.00,  0.00,  0.00,  0.00,  0.00,  0.00,  0.00,  5.00,
41.250,  0.00,  0.00,  1.00,  1.00,  0.00, 80.00,  1.00,  6.00,  0.00,  0.00, 14.00,100.00, 11.00, 31.00,  0.00,  0.00,  0.00,  0.00,  0.00,  0.00,  1.00,  0.00,  0.00, 82.00,  0.00,  0.00,  0.00,  0.00,  0.00,  0.00, 56.00,  0.00,  0.00,  0.00,  0.00,  0.00, 24.00,  0.00,  0.00,  0.00,  0.00,  0.00,  0.00,  0.00,  0.00,  0.00,  0.00,  0.00, 67.00,  0.00,  0.00,  0.00, 12.00,  0.00,  0.00,  0.00,  0.00,  0.00,  0.00,  0.00,  0.00,  0.00, 17.00,  0.00,  0.00,  0.00,  0.00, 27.00,  0.00,  0.00,  0.00,  0.00, 11.00,  0.00,  0.00,  0.00,  0.00,  0.00,  0.00,  0.00, 52.00,  0.00,  0.00, 14.00,  0.00, 18.00,  0.00, 12.00,  0.00,  0.00,  0.00,  0.00,  0.00,  0.00,  0.00,  9.00,
41.500,  0.00,  0.00,  1.00,  1.00,  0.00, 80.00,  1.00,  6.00,  0.00,  0.00, 14.00,100.00, 11.00, 31.00,  0.00,  0.00,  0.00,  0.00,  0.00,  0.00,  1.00,  0.00,  0.00, 82.00,  0.00,  0.00,  0.00,  0.00,  0.00,  0.00, 56.00,  0.00,  0.00,  0.00,  0.00,  0.00, 24.00,  0.00,  0.00,  0.00,  0.00,  0.00,  0.00,  0.00,  0.00,  0.00,  0.00,  0.00, 67.00,  0.00,  0.00,  0.00, 12.00,  0.00,  0.00,  0.00,  0.00,  0.00,  0.00,  0.00,  0.00,  0.00, 17.00,  0.00,  0.00,  0.00,  0.00, 27.00,  0.00,  0.00,  0.00,  0.00, 11.00,  0.00,  0.00,  0.00,  0.00,  0.00,  0.00,  0.00, 52.00,  0.00,  0.00, 14.00,  0.00, 18.00,  0.00, 12.00,  0.00,  0.00,  0.00,  0.00,  0.00,  0.00,  0.00,  9.00,
41.750,  0.00,  0.00,  1.00,  1.00,  0.00, 80.00,  3.00,  6.00,  0.00,  0.00, 14.00,100.00, 11.00, 31.00,  0.00,  0.00,  0.00,  0.00,  0.00,  0.00,  3.00,  0.00,  0.00, 83.00,  0.00,  0.00,  0.00,  0.00,  0.00,  0.00, 56.00,  0.00,  0.00,  0.00,  0.00,  0.00, 24.00,  0.00,  0.00,  0.00,  0.00,  0.00,  0.00,  0.00,  0.00,  0.00,  0.00,  8.00, 67.00,  0.00,  0.00,  0.00, 12.00,  0.00,  0.00,  0.00,  0.00,  0.00,  0.00,  0.00,  0.00,  0.00, 17.00,  0.00,  0.00,  0.00,  0.00, 27.00,  0.00,  0.00,  0.00,  0.00, 11.00,  0.00,  0.00,  0.00,  0.00,  0.00,  0.00,  0.00, 56.00,  0.00,  0.00, 14.00,  0.00, 18.00,  0.00, 14.00,  0.00,  0.00,  0.00,  0.00,  0.00,  0.00,  0.00,  9.00,
42.000,  0.00,  0.00,  1.00,  1.00,  0.00, 80.00,  3.00,  6.00,  0.00,  0.00, 14.00,100.00, 11.00, 31.00,  0.00,  0.00,  0.00,  0.00,  0.00,  0.00,  3.00,  0.00,  0.00, 83.00,  0.00,  0.00,  0.00,  0.00,  0.00,  0.00, 56.00,  0.00,  0.00,  0.00,  0.00,  0.00, 24.00,  0.00,  0.00,  0.00,  0.00,  0.00,  0.00,  0.00,  0.00,  0.00,  0.00,  8.00, 67.00,  0.00,  0.00,  0.00, 12.00,  0.00,  0.00,  0.00,  0.00,  0.00,  0.00,  0.00,  0.00,  0.00, 17.00,  0.00,  0.00,  0.00,  0.00, 27.00,  0.00,  0.00,  0.00,  0.00, 11.00,  0.00,  0.00,  0.00,  0.00,  0.00,  0.00,  0.00, 56.00,  0.00,  0.00, 14.00,  0.00, 18.00,  0.00, 14.00,  0.00,  0.00,  0.00,  0.00,  0.00,  0.00,  0.00, 10.00,
42.250,  0.00,  0.00,  1.00,  1.00,  0.00, 80.00,  3.00,  6.00,  0.00,  0.00, 14.00,100.00, 11.00, 31.00,  0.00,  0.00,  0.00,  0.00,  0.00,  0.00,  3.00,  0.00,  0.00, 83.00,  0.00,  0.00,  0.00,  0.00,  0.00,  0.00, 56.00,  0.00,  0.00,  0.00,  0.00,  0.00, 24.00,  0.00,  0.00,  0.00,  0.00,  0.00,  0.00,  0.00,  0.00,  0.00,  0.00,  8.00, 67.00,  1.00,  0.00,  0.00, 12.00,  0.00,  0.00,  0.00,  0.00,  0.00,  0.00,  0.00,  0.00,  0.00, 17.00,  0.00,  0.00,  0.00,  0.00, 27.00,  0.00,  0.00,  0.00,  0.00, 11.00,  0.00,  0.00,  0.00,  0.00,  0.00,  0.00,  0.00, 56.00,  0.00,  0.00, 14.00,  0.00, 18.00,  0.00, 14.00,  0.00,  0.00,  0.00,  0.00,  0.00,  0.00,  0.00, 10.00,
42.500,  0.00,  0.00,  1.00,  1.00,  0.00, 80.00,  3.00,  6.00,  0.00,  0.00, 14.00,100.00, 11.00, 31.00,  0.00,  0.00,  0.00,  0.00,  0.00,  0.00,  3.00,  0.00,  0.00, 83.00,  0.00,  0.00,  0.00,  0.00,  0.00,  0.00, 56.00,  0.00,  0.00,  0.00,  0.00,  0.00, 24.00,  0.00,  0.00,  0.00,  0.00,  0.00,  0.00,  0.00,  0.00,  0.00,  0.00,  8.00, 67.00,  1.00,  0.00,  0.00, 12.00,  0.00,  0.00,  0.00,  0.00,  0.00,  0.00,  0.00,  0.00,  0.00, 17.00,  0.00,  0.00,  0.00,  0.00, 27.00,  0.00,  0.00,  0.00,  0.00, 11.00,  0.00,  0.00,  0.00,  0.00,  0.00,  0.00,  0.00, 56.00,  0.00,  0.00, 14.00,  0.00, 18.00,  0.00, 14.00,  0.00,  0.00,  0.00,  0.00,  0.00,  0.00,  0.00, 10.00,
42.750,  0.00,  0.00,  1.00,  1.00,  0.00, 80.00,  3.00,  6.00,  0.00,  0.00, 14.00,100.00, 11.00, 31.00,  0.00,  0.00,  0.00,  0.00,  0.00,  0.00,  3.00,  0.00,  0.00, 83.00,  0.00,  0.00,  0.00,  0.00,  0.00,  0.00, 56.00,  0.00,  0.00,  0.00,  0.00,  0.00, 24.00,  0.00,  0.00,  0.00,  0.00,  0.00,  0.00,  0.00,  0.00,  0.00,  0.00,  8.00, 67.00,  1.00,  0.00,  0.00, 12.00,  0.00,  0.00,  0.00,  0.00,  0.00,  0.00,  0.00,  0.00,  0.00, 17.00,  0.00,  0.00,  0.00,  0.00, 27.00,  0.00,  0.00,  0.00,  0.00, 11.00,  0.00,  0.00,  0.00,  0.00,  0.00,  0.00,  0.00, 56.00,  0.00,  0.00, 14.00,  0.00, 18.00,  0.00, 14.00,  0.00,  0.00,  0.00,  0.00,  0.00,  0.00,  0.00, 10.00,
43.000,  0.00,  0.00,  1.00,  1.00,  0.00, 80.00,  3.00,  6.00,  0.00,  0.00, 14.00,100.00, 11.00, 31.00,  0.00,  0.00,  0.00,  0.00,  0.00,  0.00,  4.00,  0.00,  0.00, 83.00,  0.00,  0.00,  0.00,  0.00,  0.00,  0.00, 56.00,  0.00,  0.00,  0.00,  0.00,  0.00, 24.00,  0.00,  0.00,  0.00,  0.00,  0.00,  0.00,  0.00,  0.00,  0.00,  0.00, 10.00, 67.00,  1.00,  0.00,  0.00, 12.00,  0.00,  0.00,  0.00,  0.00,  0.00,  0.00,  0.00,  0.00,  0.00, 17.00,  0.00,  0.00,  0.00,  0.00, 27.00,  0.00,  0.00,  0.00,  0.00, 11.00,  0.00,  0.00,  0.00,  0.00,  0.00,  0.00,  0.00, 56.00,  0.00,  0.00, 14.00,  0.00, 18.00,  0.00, 14.00,  0.00,  0.00,  0.00,  0.00,  0.00,  0.00,  0.00, 10.00,
43.250,  0.00,  0.00,  1.00,  1.00,  0.00, 80.00,  3.00,  6.00,  0.00,  0.00, 14.00,100.00, 11.00, 31.00,  0.00,  0.00,  0.00,  0.00,  0.00,  0.00,  4.00,  0.00,  0.00, 83.00,  0.00,  0.00,  0.00,  0.00,  0.00,  0.00, 56.00,  0.00,  0.00,  0.00,  0.00,  0.00, 24.00,  0.00,  0.00,  0.00,  0.00,  0.00,  0.00,  0.00,  0.00,  0.00,  0.00, 10.00, 67.00,  1.00,  0.00,  0.00, 12.00,  0.00,  0.00,  0.00,  0.00,  0.00,  0.00,  0.00,  0.00,  0.00, 17.00,  0.00,  0.00,  0.00,  0.00, 27.00,  0.00,  0.00,  0.00,  0.00, 11.00,  0.00,  0.00,  0.00,  0.00,  0.00,  0.00,  0.00, 56.00,  0.00,  0.00, 14.00,  0.00, 18.00,  0.00, 14.00,  0.00,  0.00,  0.00,  0.00,  0.00,  0.00,  0.00, 10.00,
43.500,  0.00,  0.00,  1.00,  1.00,  0.00, 80.00,  3.00,  6.00,  0.00,  0.00, 14.00,100.00, 11.00, 31.00,  0.00,  0.00,  0.00,  0.00,  0.00,  0.00,  4.00,  0.00,  0.00, 83.00,  0.00,  0.00,  0.00,  0.00,  0.00,  0.00, 56.00,  0.00,  0.00,  0.00,  0.00,  0.00, 24.00,  0.00,  0.00,  0.00,  0.00,  0.00,  0.00,  0.00,  0.00,  0.00,  0.00, 10.00, 67.00,  1.00,  0.00,  0.00, 12.00,  0.00,  0.00,  0.00,  0.00,  0.00,  0.00,  0.00,  0.00,  0.00, 17.00,  0.00,  0.00,  0.00,  0.00, 27.00,  0.00,  0.00,  0.00,  0.00, 11.00,  0.00,  0.00,  0.00,  0.00,  0.00,  0.00,  0.00, 56.00,  0.00,  0.00, 14.00,  0.00, 18.00,  0.00, 14.00,  0.00,  0.00,  0.00,  0.00,  0.00,  0.00,  0.00, 10.00,
43.750,  0.00,  0.00,  1.00,  1.00,  0.00, 80.00,  3.00,  6.00,  0.00,  0.00, 14.00,100.00, 11.00, 31.00,  0.00,  0.00,  0.00,  0.00,  0.00,  0.00,  4.00,  0.00,  0.00, 83.00,  0.00,  0.00,  0.00,  0.00,  0.00,  0.00, 56.00,  0.00,  0.00,  0.00,  0.00,  0.00, 24.00,  0.00,  0.00,  0.00,  0.00,  0.00,  0.00,  0.00,  0.00,  0.00,  0.00, 10.00, 67.00,  1.00,  0.00,  0.00, 12.00,  0.00,  0.00,  0.00,  0.00,  0.00,  0.00,  0.00,  0.00,  0.00, 17.00,  0.00,  0.00,  0.00,  0.00, 29.00,  0.00,  0.00,  0.00,  0.00, 11.00,  0.00,  0.00,  0.00,  0.00,  0.00,  0.00,  0.00, 56.00,  0.00,  0.00, 14.00,  0.00, 18.00,  0.00, 14.00,  0.00,  0.00,  0.00,  0.00,  0.00,  0.00,  0.00, 10.00,
44.000,  0.00,  0.00,  1.00,  1.00,  0.00, 80.00,  3.00,  6.00,  0.00,  0.00, 14.00,100.00, 11.00, 31.00,  0.00,  0.00,  0.00,  0.00,  0.00,  0.00,  4.00,  0.00,  0.00, 83.00,  0.00,  0.00,  0.00,  0.00,  0.00,  0.00, 56.00,  0.00,  0.00,  0.00,  0.00,  0.00, 24.00,  0.00,  0.00,  0.00,  0.00,  0.00,  0.00,  0.00,  0.00,  0.00,  0.00, 10.00, 67.00,  1.00,  0.00,  0.00, 12.00,  0.00,  0.00,  0.00,  0.00,  0.00,  0.00,  0.00,  0.00,  0.00, 17.00,  0.00,  0.00,  0.00,  0.00, 29.00,  0.00,  0.00,  0.00,  0.00, 11.00,  0.00,  0.00,  0.00,  0.00,  0.00,  0.00,  0.00, 56.00,  0.00,  0.00, 14.00,  0.00, 18.00,  0.00, 14.00,  0.00,  0.00,  0.00,  0.00,  0.00,  0.00,  0.00, 10.00,
44.250,  0.00,  0.00,  2.00,  1.00,  0.00, 80.00,  3.00,  6.00,  0.00,  0.00, 14.00,101.00, 11.00, 31.00,  0.00,  0.00,  0.00,  0.00,  0.00,  0.00,  4.00,  0.00,  0.00, 83.00,  0.00,  0.00,  0.00,  0.00,  0.00,  0.00, 56.00,  0.00,  0.00,  0.00,  0.00,  0.00, 24.00,  0.00,  0.00,  0.00,  0.00,  0.00,  0.00,  0.00,  0.00,  0.00,  0.00, 10.00, 67.00,  1.00,  0.00,  0.00, 12.00,  0.00,  0.00,  0.00,  0.00,  0.00,  0.00,  0.00,  0.00,  0.00, 17.00,  0.00,  0.00,  0.00,  0.00, 29.00,  0.00,  0.00,  0.00,  0.00, 11.00,  0.00,  0.00,  0.00,  0.00,  0.00,  0.00,  0.00, 56.00,  0.00,  0.00, 14.00,  0.00, 18.00,  0.00, 14.00,  0.00,  0.00,  0.00,  0.00,  0.00,  0.00,  0.00, 10.00,
44.500,  0.00,  0.00,  2.00,  1.00,  0.00, 80.00,  3.00,  6.00,  0.00,  0.00, 14.00,101.00, 11.00, 31.00,  0.00,  0.00,  0.00,  0.00,  0.00,  0.00,  4.00,  0.00,  0.00, 83.00,  0.00,  0.00,  0.00,  0.00,  0.00,  0.00, 56.00,  0.00,  0.00,  0.00,  0.00,  0.00, 24.00,  0.00,  0.00,  0.00,  0.00,  0.00,  0.00,  0.00,  0.00,  0.00,  0.00, 10.00, 67.00,  1.00,  0.00,  0.00, 12.00,  0.00,  0.00,  0.00,  0.00,  0.00,  0.00,  0.00,  0.00,  0.00, 17.00,  0.00,  0.00,  0.00,  0.00, 29.00,  0.00,  0.00,  0.00,  0.00, 11.00,  0.00,  0.00,  0.00,  0.00,  0.00,  0.00,  0.00, 56.00,  0.00,  0.00, 14.00,  0.00, 18.00,  0.00, 14.00,  0.00,  0.00,  0.00,  0.00,  0.00,  0.00,  0.00, 10.00,
44.750,  0.00,  0.00,  2.00,  1.00,  0.00, 80.00,  3.00,  6.00,  0.00,  0.00, 14.00,101.00, 11.00, 31.00,  0.00,  0.00,  0.00,  0.00,  0.00,  0.00,  4.00,  0.00,  0.00, 83.00,  0.00,  0.00,  0.00,  0.00,  0.00,  0.00, 56.00,  0.00,  0.00,  0.00,  0.00,  0.00, 24.00,  0.00,  0.00,  0.00,  0.00,  0.00,  0.00,  0.00,  0.00,  0.00,  0.00, 10.00, 67.00,  1.00,  0.00,  0.00, 12.00,  0.00,  0.00,  0.00,  0.00,  0.00,  0.00,  0.00,  0.00,  0.00, 17.00,  0.00,  0.00,  0.00,  0.00, 29.00,  0.00,  0.00,  0.00,  0.00, 11.00,  0.00,  0.00,  0.00,  0.00,  0.00,  0.00,  0.00, 56.00,  0.00,  0.00, 14.00,  0.00, 20.00,  0.00, 14.00,  0.00,  0.00,  0.00,  0.00,  0.00,  0.00,  0.00, 10.00,
45.000,  0.00,  0.00,  2.00,  1.00,  0.00, 80.00,  3.00,  6.00,  0.00,  0.00, 14.00,101.00, 11.00, 31.00,  0.00,  0.00,  0.00,  0.00,  0.00,  0.00,  5.00,  0.00,  0.00, 83.00,  0.00,  0.00,  0.00,  0.00,  0.00,  0.00, 56.00,  0.00,  0.00,  0.00,  0.00,  0.00, 24.00,  0.00,  0.00,  0.00,  0.00,  0.00,  0.00,  0.00,  0.00,  0.00,  0.00, 10.00, 67.00,  1.00,  0.00,  0.00, 12.00,  0.00,  0.00,  0.00,  0.00,  0.00,  0.00,  0.00,  0.00,  0.00, 17.00,  0.00,  0.00,  0.00,  0.00, 29.00,  0.00,  0.00,  0.00,  0.00, 11.00,  0.00,  0.00,  0.00,  0.00,  0.00,  0.00,  0.00, 56.00,  0.00,  0.00, 14.00,  0.00, 20.00,  0.00, 14.00,  0.00,  0.00,  0.00,  0.00,  0.00,  0.00,  0.00, 10.00,
45.250,  0.00,  0.00,  2.00,  1.00,  0.00, 80.00,  3.00,  6.00,  0.00,  0.00, 14.00,101.00, 11.00, 31.00,  0.00,  0.00,  0.00,  0.00,  0.00,  0.00,  5.00,  0.00,  0.00, 83.00,  0.00,  0.00,  0.00,  0.00,  0.00,  0.00, 56.00,  0.00,  0.00,  0.00,  0.00,  0.00, 24.00,  0.00,  0.00,  0.00,  0.00,  0.00,  0.00,  0.00,  0.00,  0.00,  0.00, 11.00, 67.00,  1.00,  0.00,  0.00, 12.00,  0.00,  0.00,  0.00,  0.00,  0.00,  0.00,  0.00,  0.00,  0.00, 17.00,  0.00,  0.00,  0.00,  0.00, 29.00,  0.00,  0.00,  0.00,  0.00, 11.00,  0.00,  0.00,  0.00,  0.00,  0.00,  0.00,  0.00, 56.00,  0.00,  0.00, 14.00,  0.00, 20.00,  0.00, 14.00,  0.00,  0.00,  0.00,  0.00,  0.00,  0.00,  0.00, 10.00,
45.500,  0.00,  0.00,  2.00,  1.00,  0.00, 80.00,  3.00,  6.00,  0.00,  0.00, 15.00,101.00, 11.00, 31.00,  0.00,  0.00,  0.00,  0.00,  0.00,  0.00,  6.00,  0.00,  0.00, 84.00,  0.00,  0.00,  0.00,  0.00,  0.00,  0.00, 56.00,  0.00,  0.00,  0.00,  0.00,  0.00, 24.00,  0.00,  0.00,  0.00,  0.00,  0.00,  0.00,  0.00,  0.00,  0.00,  0.00, 15.00, 67.00,  2.00,  0.00,  0.00, 12.00,  0.00,  0.00,  0.00,  0.00,  0.00,  0.00,  0.00,  0.00,  0.00, 17.00,  0.00,  0.00,  0.00,  0.00, 29.00,  0.00,  0.00,  0.00,  0.00, 11.00,  0.00,  0.00,  0.00,  0.00,  0.00,  0.00,  0.00, 56.00,  0.00,  0.00, 14.00,  0.00, 20.00,  0.00, 14.00,  0.00,  0.00,  0.00,  0.00,  0.00,  0.00,  0.00, 10.00,
45.750,  0.00,  0.00,  2.00,  1.00,  0.00, 80.00,  3.00,  6.00,  0.00,  0.00, 15.00,101.00, 11.00, 31.00,  0.00,  0.00,  0.00,  0.00,  0.00,  0.00,  6.00,  0.00,  0.00, 84.00,  0.00,  0.00,  0.00,  0.00,  0.00,  0.00, 56.00,  0.00,  0.00,  0.00,  0.00,  0.00, 24.00,  0.00,  0.00,  0.00,  0.00,  0.00,  0.00,  0.00,  0.00,  0.00,  0.00, 15.00, 67.00,  2.00,  0.00,  0.00, 12.00,  0.00,  0.00,  0.00,  0.00,  0.00,  0.00,  0.00,  0.00,  0.00, 17.00,  0.00,  0.00,  0.00,  0.00, 29.00,  0.00,  0.00,  0.00,  0.00, 11.00,  0.00,  0.00,  0.00,  0.00,  0.00,  0.00,  0.00, 56.00,  0.00,  0.00, 14.00,  0.00, 20.00,  0.00, 14.00,  0.00,  0.00,  0.00,  0.00,  0.00,  0.00,  0.00, 10.00,
46.000,  0.00,  0.00,  2.00,  1.00,  0.00, 80.00,  3.00,  6.00,  0.00,  0.00, 15.00,101.00, 11.00, 31.00,  0.00,  0.00,  0.00,  0.00,  0.00,  0.00,  6.00,  0.00,  0.00, 84.00,  0.00,  0.00,  0.00,  0.00,  0.00,  0.00, 56.00,  0.00,  0.00,  0.00,  0.00,  0.00, 24.00,  0.00,  0.00,  0.00,  0.00,  0.00,  0.00,  0.00,  0.00,  0.00,  0.00, 15.00, 67.00,  2.00,  0.00,  0.00, 12.00,  0.00,  0.00,  0.00,  0.00,  0.00,  0.00,  0.00,  0.00,  0.00, 17.00,  0.00,  0.00,  0.00,  0.00, 29.00,  0.00,  0.00,  0.00,  0.00, 11.00,  0.00,  0.00,  0.00,  0.00,  0.00,  0.00,  0.00, 56.00,  0.00,  0.00, 14.00,  0.00, 20.00,  0.00, 14.00,  0.00,  0.00,  0.00,  0.00,  0.00,  0.00,  0.00, 10.00,
46.250,  0.00,  0.00,  4.00,  1.00,  0.00, 80.00,  4.00,  6.00,  0.00,  2.00, 18.00,101.00, 11.00, 31.00,  0.00,  0.00,  0.00,  0.00,  0.00,  0.00, 12.00,  0.00,  0.00, 84.00,  0.00,  0.00,  0.00,  0.00,  0.00,  0.00, 56.00,  0.00,  0.00,  0.00,  0.00,  0.00, 24.00,  0.00,  0.00,  0.00,  0.00,  0.00,  0.00,  0.00,  0.00,  0.00,  0.00, 15.00, 67.00,  7.00,  0.00,  0.00, 12.00,  0.00,  0.00,  0.00,  0.00,  0.00,  0.00,  0.00,  0.00,  0.00, 17.00,  0.00,  4.00,  0.00,  0.00, 31.00,  3.00,  0.00,  0.00,  0.00, 14.00,  0.00,  0.00,  0.00,  0.00,  0.00,  0.00,  0.00, 56.00,  0.00,  0.00, 17.00,  0.00, 21.00,  0.00, 15.00,  0.00,  0.00,  0.00,  0.00,  0.00,  0.00,  0.00, 17.00,
46.500,  0.00,  0.00,  4.00,  1.00,  0.00, 80.00,  4.00,  6.00,  0.00,  2.00, 18.00,101.00, 11.00, 31.00,  0.00,  0.00,  0.00,  0.00,  0.00,  0.00, 12.00,  0.00,  0.00, 84.00,  0.00,  0.00,  0.00,  0.00,  0.00,  0.00, 56.00,  0.00,  0.00,  0.00,  0.00,  0.00, 24.00,  0.00,  0.00,  0.00,  0.00,  0.00,  0.00,  0.00,  0.00,  0.00,  0.00, 17.00, 67.00,  7.00,  0.00,  0.00, 12.00,  0.00,  0.00,  0.00,  0.00,  0.00,  0.00,  0.00,  0.00,  0.00, 17.00,  0.00,  4.00,  0.00,  0.00, 31.00,  3.00,  0.00,  0.00,  0.00, 14.00,  0.00,  0.00,  0.00,  0.00,  0.00,  0.00,  0.00, 56.00,  0.00,  0.00, 17.00,  0.00, 21.00,  0.00, 15.00,  0.00,  0.00,  0.00,  0.00,  0.00,  0.00,  0.00, 17.00,
46.750,  0.00,  0.00,  4.00,  1.00,  0.00, 80.00,  4.00,  6.00,  0.00,  2.00, 18.00,101.00, 11.00, 31.00,  0.00,  0.00,  0.00,  0.00,  0.00,  0.00, 12.00,  0.00,  0.00, 84.00,  0.00,  0.00,  0.00,  0.00,  0.00,  0.00, 56.00,  0.00,  0.00,  0.00,  0.00,  0.00, 24.00,  0.00,  0.00,  0.00,  0.00,  0.00,  0.00,  0.00,  0.00,  0.00,  0.00, 17.00, 67.00,  7.00,  0.00,  0.00, 12.00,  0.00,  0.00,  0.00,  0.00,  0.00,  0.00,  0.00,  0.00,  0.00, 17.00,  0.00,  4.00,  0.00,  0.00, 31.00,  3.00,  0.00,  0.00,  0.00, 14.00,  0.00,  0.00,  0.00,  0.00,  0.00,  0.00,  0.00, 56.00,  0.00,  0.00, 17.00,  0.00, 21.00,  0.00, 15.00,  0.00,  0.00,  0.00,  0.00,  0.00,  0.00,  0.00, 17.00,
47.000,  0.00,  0.00,  4.00,  1.00,  0.00, 80.00,  4.00,  6.00,  0.00,  2.00, 18.00,101.00, 11.00, 31.00,  0.00,  0.00,  0.00,  0.00,  0.00,  0.00, 12.00,  0.00,  0.00, 84.00,  0.00,  0.00,  0.00,  0.00,  0.00,  0.00, 56.00,  0.00,  0.00,  0.00,  0.00,  0.00, 24.00,  0.00,  0.00,  0.00,  0.00,  0.00,  0.00,  0.00,  0.00,  0.00,  0.00, 17.00, 67.00,  7.00,  0.00,  0.00, 12.00,  0.00,  0.00,  0.00,  0.00,  0.00,  0.00,  0.00,  0.00,  0.00, 17.00,  0.00,  4.00,  0.00,  0.00, 31.00,  3.00,  0.00,  0.00,  0.00, 14.00,  0.00,  0.00,  0.00,  0.00,  0.00,  0.00,  0.00, 56.00,  0.00,  0.00, 17.00,  0.00, 21.00,  0.00, 15.00,  0.00,  0.00,  0.00,  0.00,  0.00,  0.00,  0.00, 17.00,
47.250,  0.00,  0.00,  4.00,  1.00,  0.00, 80.00,  4.00,  6.00,  0.00,  2.00, 18.00,101.00, 11.00, 31.00,  0.00,  0.00,  0.00,  0.00,  0.00,  0.00, 12.00,  0.00,  0.00, 84.00,  0.00,  0.00,  0.00,  0.00,  0.00,  0.00, 56.00,  0.00,  0.00,  0.00,  0.00,  0.00, 24.00,  0.00,  0.00,  0.00,  0.00,  0.00,  0.00,  0.00,  0.00,  0.00,  0.00, 17.00, 67.00,  7.00,  0.00,  0.00, 12.00,  0.00,  0.00,  0.00,  0.00,  0.00,  0.00,  0.00,  0.00,  0.00, 17.00,  0.00,  4.00,  0.00,  0.00, 31.00,  3.00,  0.00,  0.00,  0.00, 14.00,  0.00,  0.00,  0.00,  0.00,  0.00,  0.00,  0.00, 56.00,  0.00,  0.00, 17.00,  0.00, 21.00,  0.00, 15.00,  0.00,  0.00,  0.00,  0.00,  0.00,  0.00,  0.00, 17.00,
47.500,  0.00,  0.00,  4.00,  1.00,  0.00, 80.00,  4.00,  6.00,  0.00,  2.00, 18.00,101.00, 11.00, 31.00,  0.00,  0.00,  0.00,  0.00,  0.00,  0.00, 12.00,  0.00,  0.00, 84.00,  0.00,  0.00,  0.00,  0.00,  0.00,  0.00, 56.00,  0.00,  0.00,  0.00,  0.00,  0.00, 24.00,  0.00,  0.00,  0.00,  0.00,  0.00,  0.00,  0.00,  0.00,  0.00,  0.00, 17.00, 67.00,  7.00,  0.00,  0.00, 12.00,  0.00,  0.00,  0.00,  0.00,  0.00,  0.00,  0.00,  0.00,  0.00, 17.00,  0.00,  4.00,  0.00,  0.00, 31.00,  3.00,  0.00,  0.00,  0.00, 14.00,  0.00,  0.00,  0.00,  0.00,  0.00,  0.00,  0.00, 56.00,  0.00,  0.00, 17.00,  0.00, 21.00,  0.00, 15.00,  0.00,  0.00,  0.00,  0.00,  0.00,  0.00,  0.00, 17.00,
47.750,  0.00,  0.00,  4.00,  1.00,  0.00, 84.00,  4.00,  6.00,  0.00,  2.00, 20.00,102.00, 11.00, 31.00,  0.00,  0.00,  0.00,  0.00,  0.00,  0.00, 12.00,  0.00,  0.00, 87.00,  0.00,  0.00,  0.00,  0.00,  0.00,  0.00, 56.00,  0.00,  0.00,  0.00,  0.00,  0.00, 24.00,  0.00,  0.00,  0.00,  0.00,  0.00,  0.00,  0.00,  0.00,  0.00,  0.00, 29.00, 67.00,  7.00,  0.00,  0.00, 12.00,  0.00,  0.00,  0.00,  0.00,  0.00,  0.00,  0.00,  0.00,  0.00, 17.00,  0.00,  4.00,  0.00,  0.00, 31.00,  3.00,  0.00,  0.00,  0.00, 14.00,  0.00,  0.00,  0.00,  0.00,  0.00,  0.00,  0.00, 58.00,  0.00,  0.00, 17.00,  0.00, 21.00,  0.00, 16.00,  0.00,  0.00,  0.00,  0.00,  0.00,  0.00,  0.00, 17.00,


