Data File    , C:\Program Files\Biolog\OL_DC_23\PMX\Data_2012\10\PMX_443_121017_B_39.OKA
Set up Time  ,Oct 17 2012 10:46 AM
Position     ,20-A
Plate Type   ,PM20-B
Strain Type  ,---
Sample Number,
Strain Name  ,E.coli
Strain Number,ECI-2572
Other        ,PM20 Replicate 3

Hour,  A01,  A02,  A03,  A04,  A05,  A06,  A07,  A08,  A09,  A10,  A11,  A12,  B01,  B02,  B03,  B04,  B05,  B06,  B07,  B08,  B09,  B10,  B11,  B12,  C01,  C02,  C03,  C04,  C05,  C06,  C07,  C08,  C09,  C10,  C11,  C12,  D01,  D02,  D03,  D04,  D05,  D06,  D07,  D08,  D09,  D10,  D11,  D12,  E01,  E02,  E03,  E04,  E05,  E06,  E07,  E08,  E09,  E10,  E11,  E12,  F01,  F02,  F03,  F04,  F05,  F06,  F07,  F08,  F09,  F10,  F11,  F12,  G01,  G02,  G03,  G04,  G05,  G06,  G07,  G08,  G09,  G10,  G11,  G12,  H01,  H02,  H03,  H04,  H05,  H06,  H07,  H08,  H09,  H10,  H11,  H12,
 0.000, 11.00, 11.00, 11.00, 11.00, 11.00, 11.00, 11.00, 11.00, 17.00, 27.00, 57.00, 82.00, 11.00, 11.00, 11.00, 11.00, 11.00, 11.00, 11.00, 11.00, 11.00, 11.00, 22.00, 40.00, 11.00, 11.00, 11.00, 35.00, 11.00, 11.00, 11.00, 17.00, 11.00, 11.00, 14.00, 21.00, 17.00, 22.00, 46.00, 66.00, 11.00, 11.00, 11.00, 11.00, 11.00, 23.00, 11.00, 23.00, 35.00, 56.00,132.00,224.00, 11.00, 11.00, 11.00, 11.00, 11.00, 11.00, 16.00, 50.00, 15.00, 11.00, 11.00, 11.00, 11.00, 11.00, 11.00, 11.00, 11.00, 11.00, 11.00, 11.00, 26.00, 11.00, 11.00, 24.00, 11.00, 11.00, 11.00, 11.00, 11.00, 11.00, 13.00, 22.00, 22.00, 16.00, 12.00, 14.00, 13.00, 11.00, 11.00, 11.00, 11.00, 14.00, 14.00, 23.00,
 0.250, 11.00, 11.00, 11.00, 11.00, 11.00, 11.00, 11.00, 11.00, 26.00, 41.00, 73.00, 97.00, 11.00, 11.00, 11.00, 11.00, 11.00, 11.00, 11.00, 11.00, 15.00, 11.00, 26.00, 46.00, 11.00, 11.00, 11.00, 61.00, 11.00, 11.00, 11.00, 17.00, 11.00, 11.00, 17.00, 24.00, 20.00, 24.00, 46.00, 69.00, 11.00, 11.00, 11.00, 11.00, 11.00, 26.00, 18.00, 26.00, 39.00, 67.00,150.00,243.00, 11.00, 11.00, 11.00, 11.00, 11.00, 11.00, 18.00, 55.00, 15.00, 11.00, 11.00, 11.00, 11.00, 11.00, 11.00, 16.00, 11.00, 11.00, 11.00, 14.00, 28.00, 13.00, 11.00, 27.00, 11.00, 11.00, 11.00, 11.00, 12.00, 11.00, 13.00, 24.00, 22.00, 19.00, 13.00, 17.00, 16.00, 11.00, 11.00, 11.00, 11.00, 17.00, 16.00, 23.00,
 0.500, 14.00, 11.00, 11.00, 11.00, 11.00, 11.00, 11.00, 11.00, 27.00, 51.00, 80.00,106.00, 11.00, 11.00, 11.00, 11.00, 11.00, 11.00, 11.00, 11.00, 25.00, 11.00, 26.00, 49.00, 11.00, 11.00, 11.00, 78.00, 11.00, 11.00, 11.00, 17.00, 11.00, 11.00, 18.00, 25.00, 21.00, 27.00, 51.00, 69.00, 11.00, 11.00, 11.00, 11.00, 11.00, 28.00, 18.00, 27.00, 43.00, 68.00,154.00,246.00, 11.00, 11.00, 11.00, 11.00, 11.00, 11.00, 19.00, 57.00, 21.00, 11.00, 11.00, 11.00, 11.00, 11.00, 11.00, 16.00, 11.00, 11.00, 11.00, 14.00, 32.00, 13.00, 15.00, 28.00, 11.00, 11.00, 12.00, 11.00, 12.00, 11.00, 13.00, 25.00, 26.00, 19.00, 15.00, 20.00, 16.00, 11.00, 11.00, 11.00, 11.00, 18.00, 20.00, 23.00,
 0.750, 14.00, 11.00, 12.00, 11.00, 11.00, 11.00, 11.00, 11.00, 30.00, 59.00, 86.00,113.00, 11.00, 11.00, 11.00, 11.00, 11.00, 11.00, 11.00, 11.00, 25.00, 11.00, 26.00, 49.00, 11.00, 11.00, 11.00, 88.00, 11.00, 11.00, 11.00, 17.00, 11.00, 11.00, 18.00, 27.00, 21.00, 27.00, 51.00, 69.00, 11.00, 11.00, 11.00, 11.00, 11.00, 29.00, 18.00, 27.00, 46.00, 71.00,158.00,246.00, 11.00, 11.00, 11.00, 11.00, 11.00, 11.00, 21.00, 57.00, 23.00, 11.00, 11.00, 11.00, 11.00, 11.00, 11.00, 16.00, 11.00, 11.00, 11.00, 14.00, 34.00, 13.00, 15.00, 29.00, 11.00, 11.00, 13.00, 11.00, 12.00, 11.00, 13.00, 25.00, 27.00, 19.00, 18.00, 20.00, 17.00, 12.00, 11.00, 11.00, 11.00, 18.00, 25.00, 23.00,
 1.000, 16.00, 11.00, 15.00, 11.00, 11.00, 11.00, 11.00, 11.00, 34.00, 65.00, 95.00,119.00, 13.00, 11.00, 11.00, 11.00, 11.00, 11.00, 11.00, 11.00, 25.00, 11.00, 26.00, 49.00, 11.00, 11.00, 11.00, 96.00, 11.00, 11.00, 11.00, 17.00, 11.00, 11.00, 18.00, 27.00, 21.00, 31.00, 51.00, 70.00, 11.00, 11.00, 11.00, 11.00, 11.00, 31.00, 18.00, 27.00, 46.00, 72.00,158.00,246.00, 11.00, 11.00, 11.00, 12.00, 11.00, 11.00, 23.00, 57.00, 28.00, 13.00, 11.00, 11.00, 11.00, 11.00, 11.00, 16.00, 11.00, 11.00, 11.00, 16.00, 36.00, 13.00, 21.00, 30.00, 11.00, 11.00, 13.00, 11.00, 14.00, 11.00, 14.00, 25.00, 28.00, 23.00, 20.00, 21.00, 18.00, 12.00, 11.00, 11.00, 11.00, 29.00, 27.00, 23.00,
 1.250, 16.00, 11.00, 16.00, 11.00, 11.00, 11.00, 11.00, 11.00, 37.00, 69.00,101.00,123.00, 13.00, 11.00, 11.00, 11.00, 11.00, 11.00, 11.00, 11.00, 25.00, 11.00, 27.00, 49.00, 11.00, 11.00, 11.00, 97.00, 11.00, 11.00, 11.00, 17.00, 11.00, 11.00, 18.00, 27.00, 21.00, 31.00, 51.00, 70.00, 11.00, 11.00, 11.00, 11.00, 11.00, 31.00, 18.00, 27.00, 46.00, 72.00,158.00,246.00, 11.00, 11.00, 11.00, 12.00, 11.00, 11.00, 23.00, 59.00, 28.00, 13.00, 11.00, 11.00, 11.00, 11.00, 11.00, 16.00, 11.00, 11.00, 11.00, 19.00, 36.00, 13.00, 21.00, 30.00, 11.00, 11.00, 13.00, 11.00, 14.00, 11.00, 14.00, 25.00, 28.00, 23.00, 20.00, 21.00, 18.00, 12.00, 11.00, 11.00, 11.00, 30.00, 27.00, 23.00,
 1.500, 16.00, 11.00, 16.00, 11.00, 11.00, 11.00, 11.00, 11.00, 39.00, 73.00,105.00,127.00, 13.00, 11.00, 11.00, 11.00, 11.00, 11.00, 11.00, 11.00, 25.00, 11.00, 27.00, 49.00, 11.00, 11.00, 11.00, 97.00, 11.00, 11.00, 11.00, 17.00, 11.00, 11.00, 18.00, 27.00, 21.00, 31.00, 51.00, 70.00, 11.00, 11.00, 11.00, 11.00, 11.00, 31.00, 18.00, 27.00, 46.00, 72.00,158.00,246.00, 11.00, 11.00, 11.00, 12.00, 11.00, 11.00, 23.00, 60.00, 28.00, 13.00, 11.00, 11.00, 11.00, 11.00, 11.00, 16.00, 11.00, 11.00, 11.00, 20.00, 36.00, 13.00, 21.00, 30.00, 11.00, 11.00, 13.00, 11.00, 14.00, 11.00, 14.00, 25.00, 28.00, 23.00, 20.00, 21.00, 18.00, 12.00, 11.00, 11.00, 11.00, 30.00, 27.00, 23.00,
 1.750, 18.00, 11.00, 16.00, 11.00, 11.00, 11.00, 11.00, 11.00, 39.00, 81.00,110.00,135.00, 14.00, 11.00, 11.00, 11.00, 11.00, 11.00, 11.00, 11.00, 25.00, 17.00, 30.00, 51.00, 11.00, 11.00, 11.00,101.00, 11.00, 11.00, 11.00, 17.00, 11.00, 11.00, 18.00, 28.00, 22.00, 31.00, 54.00, 70.00, 11.00, 11.00, 11.00, 11.00, 11.00, 32.00, 19.00, 27.00, 49.00, 73.00,158.00,247.00, 11.00, 11.00, 11.00, 12.00, 11.00, 11.00, 27.00, 64.00, 29.00, 13.00, 11.00, 11.00, 11.00, 11.00, 11.00, 16.00, 11.00, 11.00, 12.00, 20.00, 38.00, 15.00, 23.00, 32.00, 11.00, 11.00, 13.00, 11.00, 14.00, 11.00, 15.00, 26.00, 31.00, 25.00, 22.00, 21.00, 18.00, 13.00, 11.00, 11.00, 12.00, 30.00, 27.00, 23.00,
 2.000, 18.00, 11.00, 16.00, 11.00, 11.00, 11.00, 11.00, 11.00, 39.00, 81.00,114.00,138.00, 14.00, 11.00, 11.00, 11.00, 11.00, 11.00, 11.00, 11.00, 25.00, 17.00, 30.00, 51.00, 11.00, 11.00, 11.00,101.00, 11.00, 11.00, 11.00, 17.00, 11.00, 11.00, 18.00, 28.00, 22.00, 31.00, 54.00, 70.00, 11.00, 11.00, 11.00, 11.00, 11.00, 32.00, 19.00, 29.00, 49.00, 73.00,158.00,247.00, 11.00, 11.00, 11.00, 12.00, 11.00, 11.00, 27.00, 64.00, 29.00, 13.00, 11.00, 11.00, 11.00, 11.00, 11.00, 16.00, 11.00, 11.00, 18.00, 24.00, 38.00, 15.00, 23.00, 32.00, 11.00, 11.00, 14.00, 11.00, 14.00, 11.00, 15.00, 26.00, 31.00, 25.00, 22.00, 23.00, 18.00, 13.00, 11.00, 11.00, 12.00, 30.00, 27.00, 23.00,
 2.250, 18.00, 11.00, 16.00, 11.00, 11.00, 11.00, 11.00, 11.00, 39.00, 85.00,121.00,145.00, 14.00, 11.00, 11.00, 11.00, 11.00, 11.00, 11.00, 11.00, 25.00, 19.00, 30.00, 51.00, 11.00, 11.00, 11.00,101.00, 11.00, 11.00, 11.00, 17.00, 11.00, 11.00, 18.00, 29.00, 22.00, 31.00, 54.00, 70.00, 11.00, 11.00, 11.00, 11.00, 11.00, 36.00, 19.00, 30.00, 49.00, 73.00,158.00,247.00, 11.00, 13.00, 11.00, 12.00, 11.00, 11.00, 28.00, 66.00, 29.00, 13.00, 11.00, 13.00, 11.00, 11.00, 11.00, 16.00, 11.00, 11.00, 21.00, 26.00, 38.00, 15.00, 23.00, 34.00, 11.00, 11.00, 14.00, 11.00, 14.00, 11.00, 15.00, 26.00, 31.00, 25.00, 22.00, 23.00, 18.00, 13.00, 11.00, 11.00, 12.00, 30.00, 27.00, 23.00,
 2.500, 18.00, 11.00, 16.00, 11.00, 11.00, 11.00, 11.00, 11.00, 39.00, 87.00,125.00,147.00, 14.00, 11.00, 11.00, 11.00, 11.00, 11.00, 11.00, 11.00, 25.00, 24.00, 30.00, 51.00, 11.00, 11.00, 11.00,101.00, 11.00, 11.00, 11.00, 17.00, 11.00, 11.00, 18.00, 29.00, 22.00, 31.00, 54.00, 70.00, 11.00, 11.00, 11.00, 11.00, 11.00, 36.00, 19.00, 30.00, 49.00, 73.00,158.00,247.00, 11.00, 13.00, 11.00, 12.00, 11.00, 11.00, 28.00, 66.00, 29.00, 13.00, 11.00, 13.00, 11.00, 11.00, 11.00, 16.00, 11.00, 11.00, 21.00, 26.00, 42.00, 15.00, 23.00, 34.00, 11.00, 11.00, 14.00, 11.00, 14.00, 11.00, 15.00, 26.00, 31.00, 25.00, 22.00, 23.00, 18.00, 13.00, 11.00, 11.00, 12.00, 30.00, 27.00, 23.00,
 2.750, 18.00, 11.00, 16.00, 11.00, 11.00, 11.00, 11.00, 11.00, 39.00, 87.00,129.00,150.00, 14.00, 11.00, 11.00, 11.00, 11.00, 11.00, 11.00, 11.00, 25.00, 26.00, 30.00, 51.00, 11.00, 11.00, 11.00,101.00, 11.00, 11.00, 11.00, 17.00, 11.00, 11.00, 18.00, 29.00, 22.00, 31.00, 54.00, 70.00, 11.00, 11.00, 11.00, 11.00, 11.00, 36.00, 19.00, 30.00, 49.00, 73.00,158.00,247.00, 11.00, 13.00, 11.00, 12.00, 11.00, 11.00, 28.00, 66.00, 29.00, 13.00, 11.00, 13.00, 11.00, 11.00, 11.00, 16.00, 11.00, 11.00, 21.00, 26.00, 42.00, 15.00, 23.00, 34.00, 11.00, 11.00, 14.00, 11.00, 14.00, 11.00, 15.00, 26.00, 31.00, 25.00, 22.00, 23.00, 18.00, 13.00, 11.00, 11.00, 12.00, 30.00, 27.00, 23.00,
 3.000, 18.00, 11.00, 16.00, 11.00, 11.00, 11.00, 11.00, 11.00, 39.00, 88.00,133.00,155.00, 14.00, 11.00, 11.00, 11.00, 11.00, 11.00, 11.00, 11.00, 25.00, 26.00, 30.00, 51.00, 11.00, 11.00, 11.00,101.00, 11.00, 11.00, 11.00, 17.00, 11.00, 11.00, 18.00, 29.00, 22.00, 31.00, 54.00, 70.00, 11.00, 11.00, 11.00, 11.00, 11.00, 36.00, 20.00, 30.00, 49.00, 73.00,158.00,247.00, 11.00, 13.00, 11.00, 12.00, 11.00, 11.00, 28.00, 69.00, 29.00, 13.00, 11.00, 13.00, 11.00, 11.00, 11.00, 16.00, 11.00, 11.00, 21.00, 26.00, 42.00, 15.00, 23.00, 34.00, 11.00, 11.00, 14.00, 11.00, 14.00, 11.00, 15.00, 26.00, 31.00, 25.00, 22.00, 23.00, 18.00, 13.00, 11.00, 11.00, 12.00, 30.00, 27.00, 23.00,
 3.250, 18.00, 11.00, 16.00, 11.00, 11.00, 11.00, 11.00, 11.00, 39.00, 88.00,135.00,158.00, 14.00, 11.00, 11.00, 11.00, 11.00, 11.00, 11.00, 11.00, 25.00, 26.00, 30.00, 51.00, 11.00, 11.00, 11.00,102.00, 11.00, 11.00, 11.00, 17.00, 11.00, 11.00, 18.00, 29.00, 22.00, 31.00, 54.00, 70.00, 11.00, 11.00, 11.00, 11.00, 11.00, 36.00, 20.00, 30.00, 49.00, 73.00,158.00,247.00, 11.00, 13.00, 11.00, 12.00, 11.00, 11.00, 28.00, 69.00, 29.00, 13.00, 11.00, 13.00, 11.00, 11.00, 11.00, 16.00, 11.00, 11.00, 21.00, 26.00, 42.00, 15.00, 23.00, 34.00, 11.00, 11.00, 14.00, 11.00, 14.00, 11.00, 15.00, 26.00, 31.00, 25.00, 22.00, 23.00, 18.00, 13.00, 11.00, 11.00, 12.00, 30.00, 27.00, 23.00,
 3.500, 18.00, 11.00, 16.00, 11.00, 11.00, 11.00, 11.00, 11.00, 39.00, 88.00,135.00,158.00, 14.00, 11.00, 11.00, 11.00, 11.00, 11.00, 11.00, 11.00, 25.00, 26.00, 30.00, 51.00, 11.00, 11.00, 11.00,103.00, 11.00, 11.00, 11.00, 17.00, 11.00, 11.00, 18.00, 29.00, 22.00, 31.00, 54.00, 70.00, 11.00, 11.00, 11.00, 11.00, 11.00, 36.00, 20.00, 30.00, 49.00, 73.00,158.00,247.00, 11.00, 13.00, 11.00, 12.00, 11.00, 11.00, 28.00, 69.00, 29.00, 13.00, 11.00, 13.00, 11.00, 11.00, 11.00, 16.00, 11.00, 11.00, 21.00, 26.00, 42.00, 15.00, 23.00, 34.00, 11.00, 11.00, 14.00, 11.00, 14.00, 11.00, 15.00, 26.00, 31.00, 25.00, 22.00, 23.00, 18.00, 13.00, 11.00, 11.00, 12.00, 30.00, 27.00, 23.00,
 3.750, 18.00, 11.00, 16.00, 11.00, 11.00, 11.00, 11.00, 11.00, 39.00, 88.00,137.00,159.00, 14.00, 11.00, 11.00, 11.00, 11.00, 11.00, 11.00, 11.00, 25.00, 26.00, 30.00, 51.00, 11.00, 11.00, 11.00,103.00, 11.00, 11.00, 11.00, 17.00, 11.00, 11.00, 18.00, 29.00, 22.00, 31.00, 54.00, 70.00, 11.00, 11.00, 11.00, 11.00, 11.00, 36.00, 20.00, 30.00, 49.00, 73.00,158.00,247.00, 11.00, 13.00, 11.00, 12.00, 11.00, 11.00, 29.00, 69.00, 29.00, 13.00, 11.00, 13.00, 11.00, 11.00, 11.00, 16.00, 11.00, 11.00, 21.00, 26.00, 42.00, 15.00, 23.00, 34.00, 11.00, 11.00, 14.00, 11.00, 14.00, 11.00, 15.00, 26.00, 31.00, 25.00, 22.00, 23.00, 18.00, 13.00, 11.00, 11.00, 12.00, 30.00, 27.00, 23.00,
 4.000, 18.00, 11.00, 16.00, 11.00, 11.00, 11.00, 11.00, 11.00, 39.00, 91.00,145.00,169.00, 14.00, 11.00, 11.00, 11.00, 11.00, 11.00, 11.00, 11.00, 25.00, 26.00, 30.00, 51.00, 11.00, 11.00, 11.00,103.00, 11.00, 11.00, 11.00, 17.00, 11.00, 11.00, 18.00, 29.00, 22.00, 31.00, 54.00, 70.00, 11.00, 11.00, 11.00, 11.00, 11.00, 36.00, 20.00, 30.00, 49.00, 73.00,158.00,247.00, 11.00, 13.00, 11.00, 12.00, 11.00, 13.00, 30.00, 71.00, 29.00, 13.00, 11.00, 13.00, 11.00, 11.00, 11.00, 16.00, 11.00, 11.00, 21.00, 26.00, 42.00, 15.00, 23.00, 34.00, 11.00, 11.00, 14.00, 11.00, 14.00, 11.00, 15.00, 26.00, 31.00, 25.00, 22.00, 23.00, 18.00, 13.00, 11.00, 11.00, 12.00, 30.00, 27.00, 23.00,
 4.250, 18.00, 11.00, 16.00, 11.00, 11.00, 11.00, 11.00, 11.00, 39.00, 91.00,145.00,172.00, 14.00, 11.00, 11.00, 11.00, 11.00, 11.00, 11.00, 11.00, 25.00, 26.00, 30.00, 51.00, 11.00, 11.00, 11.00,103.00, 11.00, 11.00, 11.00, 17.00, 11.00, 11.00, 18.00, 29.00, 22.00, 31.00, 54.00, 70.00, 11.00, 11.00, 11.00, 11.00, 11.00, 36.00, 20.00, 30.00, 49.00, 73.00,158.00,247.00, 11.00, 13.00, 11.00, 12.00, 11.00, 13.00, 31.00, 71.00, 29.00, 13.00, 11.00, 13.00, 11.00, 11.00, 11.00, 16.00, 11.00, 11.00, 21.00, 26.00, 42.00, 15.00, 23.00, 34.00, 11.00, 11.00, 14.00, 11.00, 14.00, 11.00, 15.00, 26.00, 33.00, 25.00, 22.00, 23.00, 18.00, 13.00, 11.00, 11.00, 12.00, 30.00, 27.00, 23.00,
 4.500, 18.00, 11.00, 16.00, 11.00, 11.00, 11.00, 11.00, 11.00, 39.00, 91.00,149.00,174.00, 14.00, 11.00, 11.00, 11.00, 11.00, 11.00, 11.00, 11.00, 25.00, 26.00, 30.00, 51.00, 13.00, 11.00, 11.00,103.00, 11.00, 11.00, 11.00, 17.00, 11.00, 11.00, 18.00, 29.00, 22.00, 31.00, 54.00, 70.00, 11.00, 11.00, 11.00, 11.00, 11.00, 36.00, 20.00, 30.00, 49.00, 73.00,158.00,247.00, 11.00, 13.00, 11.00, 12.00, 11.00, 13.00, 31.00, 72.00, 29.00, 13.00, 11.00, 13.00, 11.00, 11.00, 11.00, 16.00, 11.00, 11.00, 21.00, 26.00, 42.00, 15.00, 23.00, 34.00, 11.00, 11.00, 14.00, 11.00, 14.00, 11.00, 15.00, 26.00, 34.00, 25.00, 22.00, 23.00, 18.00, 13.00, 11.00, 11.00, 13.00, 30.00, 27.00, 23.00,
 4.750, 19.00, 12.00, 16.00, 11.00, 11.00, 11.00, 14.00, 14.00, 40.00, 92.00,151.00,179.00, 17.00, 11.00, 11.00, 11.00, 11.00, 11.00, 11.00, 11.00, 25.00, 26.00, 30.00, 51.00, 17.00, 11.00, 11.00,104.00, 11.00, 11.00, 11.00, 17.00, 11.00, 11.00, 18.00, 29.00, 25.00, 31.00, 54.00, 70.00, 11.00, 11.00, 11.00, 11.00, 11.00, 37.00, 20.00, 30.00, 50.00, 73.00,158.00,247.00, 11.00, 14.00, 11.00, 12.00, 11.00, 15.00, 35.00, 74.00, 32.00, 13.00, 11.00, 13.00, 11.00, 11.00, 11.00, 16.00, 13.00, 11.00, 21.00, 26.00, 42.00, 15.00, 23.00, 34.00, 11.00, 11.00, 14.00, 11.00, 14.00, 11.00, 15.00, 26.00, 40.00, 26.00, 23.00, 23.00, 18.00, 13.00, 14.00, 11.00, 16.00, 30.00, 27.00, 23.00,
 5.000, 23.00, 19.00, 16.00, 11.00, 15.00, 11.00, 15.00, 14.00, 40.00, 92.00,151.00,179.00, 22.00, 11.00, 11.00, 11.00, 11.00, 11.00, 11.00, 11.00, 25.00, 26.00, 30.00, 51.00, 21.00, 11.00, 11.00,104.00, 11.00, 11.00, 11.00, 17.00, 11.00, 11.00, 18.00, 29.00, 29.00, 37.00, 54.00, 70.00, 11.00, 11.00, 11.00, 11.00, 13.00, 38.00, 20.00, 30.00, 56.00, 73.00,158.00,247.00, 11.00, 14.00, 11.00, 12.00, 12.00, 19.00, 35.00, 74.00, 35.00, 18.00, 11.00, 13.00, 13.00, 11.00, 11.00, 16.00, 14.00, 11.00, 21.00, 26.00, 42.00, 15.00, 23.00, 34.00, 13.00, 11.00, 14.00, 11.00, 14.00, 13.00, 15.00, 26.00, 41.00, 26.00, 23.00, 23.00, 18.00, 13.00, 14.00, 11.00, 19.00, 30.00, 27.00, 23.00,
 5.250, 23.00, 25.00, 16.00, 11.00, 15.00, 18.00, 20.00, 19.00, 40.00, 92.00,156.00,184.00, 24.00, 11.00, 11.00, 11.00, 13.00, 11.00, 11.00, 11.00, 25.00, 26.00, 30.00, 51.00, 24.00, 11.00, 11.00,104.00, 11.00, 11.00, 11.00, 17.00, 11.00, 11.00, 18.00, 29.00, 31.00, 37.00, 54.00, 70.00, 11.00, 11.00, 11.00, 11.00, 16.00, 41.00, 22.00, 32.00, 56.00, 73.00,158.00,247.00, 12.00, 15.00, 11.00, 12.00, 15.00, 21.00, 39.00, 77.00, 37.00, 18.00, 11.00, 13.00, 15.00, 11.00, 11.00, 16.00, 20.00, 11.00, 21.00, 26.00, 42.00, 15.00, 23.00, 34.00, 18.00, 14.00, 14.00, 11.00, 18.00, 17.00, 15.00, 26.00, 46.00, 26.00, 23.00, 23.00, 18.00, 16.00, 17.00, 15.00, 23.00, 30.00, 27.00, 23.00,
 5.500, 26.00, 37.00, 16.00, 11.00, 20.00, 24.00, 28.00, 28.00, 43.00, 94.00,157.00,185.00, 29.00, 13.00, 11.00, 11.00, 18.00, 13.00, 11.00, 11.00, 40.00, 26.00, 30.00, 51.00, 30.00, 11.00, 11.00,106.00, 11.00, 11.00, 11.00, 17.00, 15.00, 14.00, 18.00, 30.00, 34.00, 38.00, 54.00, 70.00, 12.00, 11.00, 11.00, 11.00, 22.00, 42.00, 24.00, 32.00, 57.00, 73.00,158.00,247.00, 16.00, 19.00, 11.00, 12.00, 19.00, 25.00, 45.00, 80.00, 42.00, 22.00, 11.00, 13.00, 20.00, 11.00, 11.00, 16.00, 27.00, 17.00, 21.00, 27.00, 42.00, 16.00, 23.00, 34.00, 20.00, 18.00, 14.00, 11.00, 25.00, 20.00, 15.00, 26.00, 51.00, 26.00, 23.00, 23.00, 18.00, 20.00, 20.00, 18.00, 27.00, 30.00, 27.00, 23.00,
 5.750, 29.00, 45.00, 16.00, 11.00, 25.00, 27.00, 29.00, 28.00, 43.00, 94.00,157.00,187.00, 35.00, 26.00, 11.00, 11.00, 22.00, 21.00, 11.00, 11.00, 51.00, 26.00, 30.00, 51.00, 37.00, 13.00, 11.00,106.00, 11.00, 11.00, 11.00, 17.00, 17.00, 16.00, 18.00, 30.00, 38.00, 42.00, 54.00, 70.00, 15.00, 13.00, 11.00, 11.00, 23.00, 45.00, 24.00, 32.00, 62.00, 73.00,158.00,247.00, 18.00, 22.00, 11.00, 12.00, 22.00, 29.00, 45.00, 81.00, 46.00, 25.00, 11.00, 13.00, 23.00, 12.00, 11.00, 16.00, 31.00, 29.00, 21.00, 27.00, 42.00, 19.00, 23.00, 34.00, 22.00, 19.00, 14.00, 11.00, 27.00, 23.00, 15.00, 26.00, 56.00, 26.00, 23.00, 23.00, 18.00, 20.00, 24.00, 19.00, 30.00, 30.00, 27.00, 23.00,
 6.000, 40.00, 74.00, 16.00, 11.00, 35.00, 35.00, 42.00, 37.00, 49.00, 95.00,159.00,192.00, 57.00, 43.00, 11.00, 11.00, 33.00, 31.00, 11.00, 11.00, 82.00, 44.00, 30.00, 51.00, 58.00, 21.00, 11.00,107.00, 17.00, 11.00, 11.00, 17.00, 26.00, 23.00, 23.00, 33.00, 47.00, 49.00, 56.00, 70.00, 25.00, 18.00, 11.00, 11.00, 34.00, 50.00, 31.00, 34.00, 72.00, 78.00,158.00,247.00, 25.00, 27.00, 11.00, 12.00, 29.00, 36.00, 53.00, 85.00, 54.00, 33.00, 13.00, 13.00, 29.00, 17.00, 11.00, 16.00, 47.00, 39.00, 21.00, 27.00, 46.00, 25.00, 29.00, 36.00, 30.00, 26.00, 14.00, 11.00, 35.00, 32.00, 15.00, 26.00, 63.00, 30.00, 24.00, 27.00, 18.00, 27.00, 30.00, 29.00, 41.00, 34.00, 27.00, 24.00,
 6.250, 45.00,102.00, 16.00, 11.00, 38.00, 45.00, 45.00, 41.00, 51.00, 95.00,161.00,195.00, 71.00, 53.00, 11.00, 11.00, 41.00, 41.00, 11.00, 11.00,123.00, 62.00, 30.00, 51.00, 75.00, 22.00, 11.00,108.00, 23.00, 11.00, 11.00, 17.00, 31.00, 28.00, 24.00, 33.00, 52.00, 51.00, 58.00, 70.00, 29.00, 20.00, 11.00, 11.00, 39.00, 56.00, 34.00, 34.00, 74.00, 78.00,158.00,247.00, 29.00, 31.00, 11.00, 12.00, 33.00, 42.00, 56.00, 88.00, 55.00, 34.00, 13.00, 13.00, 33.00, 19.00, 11.00, 16.00, 59.00, 49.00, 21.00, 27.00, 47.00, 28.00, 30.00, 36.00, 35.00, 30.00, 18.00, 11.00, 36.00, 32.00, 15.00, 27.00, 67.00, 30.00, 24.00, 27.00, 18.00, 31.00, 33.00, 35.00, 44.00, 35.00, 27.00, 25.00,
 6.500, 59.00,120.00, 16.00, 11.00, 46.00, 57.00, 52.00, 48.00, 55.00, 95.00,163.00,197.00, 85.00, 63.00, 11.00, 11.00, 52.00, 51.00, 11.00, 11.00,148.00, 76.00, 30.00, 51.00, 86.00, 23.00, 11.00,108.00, 26.00, 11.00, 11.00, 17.00, 35.00, 29.00, 26.00, 33.00, 55.00, 56.00, 58.00, 70.00, 36.00, 27.00, 11.00, 11.00, 44.00, 60.00, 34.00, 34.00, 76.00, 78.00,158.00,247.00, 29.00, 32.00, 11.00, 12.00, 37.00, 46.00, 56.00, 90.00, 58.00, 38.00, 13.00, 13.00, 37.00, 22.00, 11.00, 16.00, 71.00, 63.00, 21.00, 29.00, 47.00, 31.00, 34.00, 36.00, 37.00, 32.00, 18.00, 11.00, 44.00, 38.00, 16.00, 27.00, 73.00, 30.00, 25.00, 27.00, 18.00, 35.00, 38.00, 39.00, 49.00, 40.00, 27.00, 25.00,
 6.750, 76.00,133.00, 16.00, 11.00, 54.00, 73.00, 64.00, 59.00, 58.00, 95.00,165.00,200.00,109.00, 74.00, 11.00, 11.00, 69.00, 63.00, 11.00, 11.00,166.00, 95.00, 30.00, 51.00, 98.00, 25.00, 11.00,109.00, 32.00, 11.00, 11.00, 17.00, 42.00, 36.00, 30.00, 33.00, 59.00, 58.00, 59.00, 71.00, 40.00, 31.00, 11.00, 11.00, 51.00, 66.00, 40.00, 39.00, 84.00, 80.00,158.00,247.00, 33.00, 34.00, 11.00, 12.00, 42.00, 53.00, 61.00, 91.00, 61.00, 38.00, 13.00, 13.00, 42.00, 24.00, 11.00, 16.00, 91.00, 74.00, 21.00, 29.00, 49.00, 32.00, 37.00, 36.00, 42.00, 33.00, 19.00, 11.00, 50.00, 42.00, 16.00, 27.00, 81.00, 30.00, 26.00, 27.00, 18.00, 38.00, 40.00, 40.00, 59.00, 42.00, 27.00, 25.00,
 7.000, 85.00,143.00, 16.00, 11.00, 60.00, 89.00, 72.00, 74.00, 64.00, 97.00,167.00,204.00,126.00, 86.00, 11.00, 11.00, 88.00, 73.00, 11.00, 11.00,185.00,116.00, 30.00, 51.00,104.00, 25.00, 11.00,109.00, 41.00, 12.00, 11.00, 17.00, 50.00, 41.00, 31.00, 33.00, 62.00, 58.00, 59.00, 71.00, 48.00, 39.00, 11.00, 11.00, 60.00, 76.00, 45.00, 39.00, 91.00, 84.00,158.00,247.00, 36.00, 35.00, 11.00, 12.00, 48.00, 58.00, 64.00, 94.00, 64.00, 38.00, 13.00, 13.00, 51.00, 29.00, 11.00, 16.00,110.00, 85.00, 21.00, 32.00, 49.00, 34.00, 41.00, 36.00, 43.00, 37.00, 23.00, 11.00, 54.00, 47.00, 16.00, 27.00, 87.00, 30.00, 26.00, 27.00, 18.00, 41.00, 43.00, 41.00, 74.00, 47.00, 27.00, 25.00,
 7.250, 93.00,156.00, 16.00, 11.00, 67.00,109.00, 82.00, 84.00, 64.00, 97.00,167.00,204.00,145.00, 94.00, 11.00, 11.00,103.00, 86.00, 11.00, 11.00,199.00,132.00, 30.00, 51.00,115.00, 26.00, 11.00,110.00, 52.00, 16.00, 11.00, 17.00, 54.00, 47.00, 32.00, 33.00, 68.00, 64.00, 63.00, 71.00, 57.00, 48.00, 11.00, 11.00, 71.00, 85.00, 47.00, 39.00,107.00, 86.00,158.00,247.00, 38.00, 36.00, 11.00, 12.00, 54.00, 64.00, 67.00, 94.00, 70.00, 42.00, 14.00, 13.00, 55.00, 32.00, 11.00, 16.00,124.00, 92.00, 21.00, 32.00, 56.00, 41.00, 42.00, 36.00, 47.00, 37.00, 23.00, 11.00, 63.00, 54.00, 16.00, 27.00, 96.00, 32.00, 26.00, 27.00, 18.00, 42.00, 47.00, 44.00, 84.00, 49.00, 27.00, 25.00,
 7.500, 98.00,166.00, 16.00, 11.00, 79.00,136.00, 96.00, 97.00, 71.00, 97.00,169.00,208.00,161.00,106.00, 11.00, 11.00,119.00,100.00, 11.00, 11.00,216.00,151.00, 30.00, 51.00,124.00, 27.00, 11.00,113.00, 68.00, 23.00, 11.00, 17.00, 65.00, 54.00, 36.00, 33.00, 76.00, 69.00, 66.00, 71.00, 66.00, 60.00, 11.00, 11.00, 84.00, 98.00, 57.00, 44.00,118.00, 91.00,158.00,247.00, 45.00, 39.00, 11.00, 12.00, 62.00, 74.00, 71.00, 96.00, 80.00, 43.00, 15.00, 13.00, 65.00, 43.00, 11.00, 16.00,141.00,103.00, 21.00, 33.00, 59.00, 45.00, 45.00, 36.00, 53.00, 39.00, 26.00, 11.00, 71.00, 63.00, 16.00, 27.00,104.00, 32.00, 26.00, 27.00, 18.00, 46.00, 51.00, 52.00,100.00, 55.00, 27.00, 25.00,
 7.750,107.00,178.00, 16.00, 11.00,105.00,159.00,114.00,106.00, 75.00, 97.00,169.00,208.00,175.00,121.00, 11.00, 11.00,140.00,113.00, 11.00, 11.00,225.00,169.00, 30.00, 51.00,137.00, 35.00, 11.00,114.00, 86.00, 30.00, 11.00, 17.00, 73.00, 66.00, 36.00, 33.00, 85.00, 79.00, 73.00, 71.00, 82.00, 74.00, 11.00, 11.00,101.00,109.00, 64.00, 44.00,136.00, 98.00,158.00,247.00, 48.00, 41.00, 11.00, 12.00, 69.00, 82.00, 75.00, 96.00,100.00, 49.00, 21.00, 13.00, 73.00, 57.00, 11.00, 16.00,153.00,110.00, 21.00, 33.00, 68.00, 53.00, 50.00, 40.00, 59.00, 42.00, 28.00, 11.00, 79.00, 75.00, 16.00, 27.00,116.00, 36.00, 26.00, 27.00, 18.00, 50.00, 54.00, 53.00,114.00, 60.00, 27.00, 25.00,
 8.000,107.00,182.00, 16.00, 11.00,119.00,182.00,134.00,118.00, 82.00, 97.00,170.00,211.00,182.00,124.00, 11.00, 11.00,148.00,126.00, 11.00, 11.00,237.00,184.00, 30.00, 51.00,142.00, 35.00, 11.00,115.00,103.00, 39.00, 11.00, 17.00, 84.00, 77.00, 41.00, 34.00,100.00, 80.00, 73.00, 71.00, 97.00, 84.00, 11.00, 11.00,111.00,120.00, 77.00, 46.00,146.00, 98.00,158.00,247.00, 51.00, 42.00, 11.00, 12.00, 75.00, 90.00, 78.00, 99.00,120.00, 49.00, 21.00, 13.00, 82.00, 73.00, 14.00, 16.00,163.00,119.00, 21.00, 33.00, 68.00, 53.00, 51.00, 41.00, 59.00, 45.00, 30.00, 11.00, 86.00, 86.00, 16.00, 28.00,124.00, 36.00, 26.00, 27.00, 19.00, 52.00, 59.00, 55.00,127.00, 67.00, 27.00, 25.00,
 8.250,112.00,188.00, 16.00, 11.00,136.00,199.00,155.00,129.00, 89.00, 98.00,171.00,213.00,190.00,133.00, 11.00, 11.00,160.00,137.00, 11.00, 11.00,246.00,198.00, 30.00, 52.00,152.00, 35.00, 11.00,118.00,121.00, 49.00, 11.00, 17.00, 94.00, 83.00, 45.00, 34.00,118.00, 89.00, 75.00, 72.00,115.00, 93.00, 11.00, 11.00,123.00,134.00, 87.00, 51.00,163.00,105.00,158.00,247.00, 55.00, 42.00, 11.00, 12.00, 81.00, 97.00, 82.00,101.00,140.00, 49.00, 21.00, 13.00, 90.00, 87.00, 16.00, 16.00,173.00,127.00, 21.00, 33.00, 70.00, 55.00, 53.00, 44.00, 63.00, 45.00, 33.00, 11.00, 92.00, 96.00, 18.00, 29.00,132.00, 36.00, 26.00, 27.00, 20.00, 56.00, 62.00, 60.00,140.00, 80.00, 27.00, 25.00,
 8.500,118.00,194.00, 16.00, 11.00,151.00,213.00,171.00,142.00, 99.00,100.00,173.00,214.00,197.00,143.00, 11.00, 11.00,167.00,146.00, 11.00, 11.00,252.00,209.00, 30.00, 52.00,162.00, 35.00, 11.00,119.00,136.00, 61.00, 11.00, 17.00,102.00, 93.00, 45.00, 35.00,138.00, 99.00, 81.00, 73.00,129.00,104.00, 11.00, 11.00,131.00,141.00, 96.00, 52.00,177.00,110.00,158.00,247.00, 57.00, 45.00, 11.00, 12.00, 89.00,108.00, 86.00,101.00,159.00, 53.00, 22.00, 13.00, 99.00,101.00, 17.00, 16.00,178.00,133.00, 21.00, 33.00, 78.00, 59.00, 57.00, 45.00, 67.00, 48.00, 34.00, 11.00, 99.00,104.00, 19.00, 29.00,141.00, 39.00, 27.00, 27.00, 25.00, 57.00, 64.00, 65.00,151.00, 90.00, 27.00, 27.00,
 8.750,121.00,197.00, 16.00, 11.00,164.00,225.00,182.00,151.00,111.00,100.00,173.00,216.00,201.00,146.00, 11.00, 11.00,172.00,153.00, 11.00, 11.00,261.00,218.00, 30.00, 52.00,164.00, 35.00, 11.00,119.00,147.00, 72.00, 11.00, 17.00,110.00,103.00, 50.00, 35.00,151.00,106.00, 81.00, 73.00,142.00,111.00, 11.00, 11.00,139.00,147.00,104.00, 55.00,186.00,121.00,158.00,247.00, 60.00, 45.00, 11.00, 12.00, 95.00,116.00, 90.00,102.00,170.00, 54.00, 22.00, 13.00,106.00,113.00, 18.00, 16.00,185.00,137.00, 21.00, 34.00, 79.00, 59.00, 57.00, 47.00, 70.00, 49.00, 34.00, 11.00,103.00,114.00, 19.00, 29.00,146.00, 39.00, 27.00, 27.00, 27.00, 60.00, 67.00, 67.00,159.00, 97.00, 27.00, 27.00,
 9.000,125.00,204.00, 16.00, 11.00,174.00,234.00,193.00,159.00,121.00,100.00,173.00,216.00,208.00,155.00, 11.00, 11.00,179.00,162.00, 11.00, 11.00,263.00,227.00, 30.00, 52.00,172.00, 37.00, 11.00,122.00,161.00, 85.00, 11.00, 17.00,117.00,108.00, 50.00, 35.00,166.00,118.00, 85.00, 73.00,156.00,119.00, 11.00, 11.00,149.00,155.00,112.00, 56.00,197.00,132.00,158.00,247.00, 66.00, 48.00, 11.00, 12.00,100.00,125.00, 93.00,102.00,181.00, 57.00, 23.00, 13.00,113.00,123.00, 21.00, 16.00,190.00,141.00, 21.00, 34.00, 83.00, 64.00, 57.00, 51.00, 75.00, 51.00, 37.00, 11.00,109.00,118.00, 19.00, 29.00,154.00, 42.00, 27.00, 27.00, 27.00, 62.00, 70.00, 70.00,171.00,104.00, 27.00, 27.00,
 9.250,130.00,211.00, 16.00, 11.00,187.00,242.00,205.00,170.00,134.00,100.00,173.00,218.00,211.00,162.00, 11.00, 11.00,185.00,170.00, 11.00, 11.00,270.00,237.00, 30.00, 52.00,178.00, 37.00, 11.00,123.00,171.00, 98.00, 11.00, 17.00,124.00,116.00, 53.00, 35.00,176.00,131.00, 89.00, 75.00,165.00,126.00, 11.00, 11.00,159.00,162.00,118.00, 60.00,206.00,144.00,158.00,247.00, 71.00, 49.00, 11.00, 12.00,107.00,133.00, 99.00,105.00,193.00, 62.00, 28.00, 13.00,121.00,132.00, 23.00, 17.00,194.00,148.00, 21.00, 34.00, 90.00, 67.00, 61.00, 57.00, 80.00, 53.00, 42.00, 11.00,119.00,125.00, 19.00, 29.00,163.00, 46.00, 27.00, 27.00, 30.00, 66.00, 75.00, 75.00,179.00,111.00, 27.00, 28.00,
 9.500,133.00,214.00, 16.00, 11.00,192.00,248.00,212.00,177.00,144.00,100.00,175.00,223.00,216.00,169.00, 11.00, 11.00,189.00,175.00, 11.00, 11.00,275.00,246.00, 30.00, 52.00,182.00, 37.00, 11.00,123.00,178.00,110.00, 11.00, 17.00,132.00,122.00, 53.00, 36.00,183.00,141.00, 91.00, 75.00,175.00,134.00, 11.00, 11.00,167.00,170.00,123.00, 61.00,211.00,151.00,158.00,247.00, 74.00, 49.00, 11.00, 12.00,113.00,142.00,105.00,105.00,201.00, 64.00, 28.00, 13.00,127.00,140.00, 23.00, 17.00,199.00,151.00, 21.00, 36.00, 93.00, 67.00, 61.00, 60.00, 83.00, 55.00, 42.00, 11.00,123.00,130.00, 19.00, 29.00,167.00, 48.00, 27.00, 27.00, 30.00, 68.00, 77.00, 79.00,186.00,115.00, 27.00, 28.00,
 9.750,139.00,219.00, 16.00, 11.00,203.00,253.00,222.00,183.00,149.00,100.00,175.00,223.00,219.00,178.00, 11.00, 11.00,195.00,180.00, 11.00, 11.00,278.00,253.00, 30.00, 52.00,190.00, 40.00, 11.00,124.00,186.00,123.00, 11.00, 17.00,136.00,125.00, 53.00, 36.00,197.00,155.00, 99.00, 75.00,184.00,139.00, 11.00, 11.00,175.00,174.00,128.00, 62.00,218.00,157.00,158.00,247.00, 78.00, 54.00, 11.00, 12.00,120.00,150.00,109.00,105.00,212.00, 70.00, 28.00, 15.00,135.00,146.00, 26.00, 17.00,201.00,154.00, 21.00, 36.00,103.00, 74.00, 65.00, 65.00, 88.00, 55.00, 45.00, 11.00,129.00,136.00, 19.00, 31.00,175.00, 54.00, 28.00, 27.00, 35.00, 73.00, 84.00, 86.00,192.00,121.00, 27.00, 28.00,
10.000,142.00,221.00, 16.00, 11.00,208.00,256.00,226.00,193.00,157.00,101.00,175.00,224.00,221.00,182.00, 11.00, 11.00,198.00,185.00, 11.00, 11.00,281.00,263.00, 30.00, 52.00,194.00, 40.00, 11.00,125.00,191.00,131.00, 11.00, 17.00,144.00,131.00, 56.00, 36.00,203.00,166.00,102.00, 75.00,192.00,147.00, 11.00, 11.00,180.00,180.00,131.00, 64.00,223.00,165.00,158.00,247.00, 82.00, 56.00, 11.00, 12.00,126.00,157.00,113.00,105.00,219.00, 81.00, 28.00, 15.00,140.00,155.00, 27.00, 17.00,206.00,157.00, 21.00, 36.00,111.00, 76.00, 66.00, 68.00, 92.00, 57.00, 45.00, 11.00,136.00,142.00, 19.00, 31.00,182.00, 57.00, 28.00, 27.00, 37.00, 76.00, 87.00, 88.00,201.00,124.00, 27.00, 28.00,
10.250,148.00,227.00, 16.00, 11.00,215.00,262.00,235.00,200.00,161.00,103.00,175.00,224.00,226.00,190.00, 11.00, 11.00,206.00,192.00, 11.00, 11.00,284.00,268.00, 30.00, 52.00,199.00, 42.00, 11.00,128.00,197.00,143.00, 11.00, 17.00,151.00,137.00, 58.00, 36.00,211.00,174.00,107.00, 75.00,198.00,155.00, 11.00, 11.00,189.00,186.00,137.00, 64.00,229.00,171.00,158.00,248.00, 90.00, 61.00, 11.00, 12.00,134.00,162.00,119.00,106.00,227.00, 97.00, 32.00, 19.00,149.00,161.00, 32.00, 18.00,209.00,162.00, 21.00, 37.00,118.00, 82.00, 70.00, 68.00, 97.00, 60.00, 51.00, 11.00,140.00,144.00, 19.00, 31.00,186.00, 64.00, 28.00, 27.00, 41.00, 81.00, 92.00, 97.00,209.00,127.00, 27.00, 28.00,
10.500,153.00,229.00, 16.00, 11.00,221.00,264.00,238.00,206.00,168.00,103.00,175.00,225.00,229.00,195.00, 11.00, 11.00,206.00,195.00, 11.00, 11.00,285.00,274.00, 30.00, 52.00,201.00, 42.00, 11.00,128.00,202.00,147.00, 11.00, 17.00,154.00,142.00, 58.00, 36.00,217.00,184.00,110.00, 75.00,203.00,162.00, 11.00, 11.00,192.00,188.00,141.00, 66.00,233.00,173.00,158.00,248.00, 91.00, 62.00, 11.00, 12.00,137.00,168.00,121.00,107.00,232.00,112.00, 32.00, 19.00,155.00,164.00, 36.00, 19.00,210.00,163.00, 21.00, 37.00,125.00, 87.00, 72.00, 71.00, 97.00, 62.00, 51.00, 11.00,144.00,149.00, 19.00, 31.00,190.00, 64.00, 30.00, 27.00, 42.00, 83.00, 94.00,101.00,211.00,131.00, 27.00, 28.00,
10.750,159.00,234.00, 16.00, 11.00,225.00,268.00,242.00,211.00,174.00,103.00,175.00,228.00,230.00,202.00, 11.00, 11.00,208.00,200.00, 11.00, 11.00,287.00,278.00, 30.00, 52.00,205.00, 43.00, 11.00,130.00,207.00,155.00, 11.00, 17.00,163.00,146.00, 61.00, 36.00,223.00,191.00,115.00, 76.00,210.00,173.00, 11.00, 11.00,197.00,193.00,144.00, 66.00,236.00,175.00,158.00,248.00, 98.00, 68.00, 11.00, 12.00,144.00,177.00,130.00,109.00,237.00,124.00, 33.00, 20.00,162.00,169.00, 45.00, 19.00,213.00,165.00, 21.00, 37.00,130.00, 92.00, 73.00, 72.00,103.00, 64.00, 54.00, 11.00,149.00,156.00, 19.00, 31.00,196.00, 69.00, 31.00, 28.00, 47.00, 91.00,100.00,106.00,218.00,135.00, 27.00, 30.00,
11.000,174.00,245.00, 16.00, 16.00,235.00,272.00,248.00,214.00,174.00,103.00,175.00,228.00,241.00,214.00, 11.00, 15.00,222.00,203.00, 11.00, 11.00,289.00,282.00, 30.00, 55.00,219.00, 54.00, 11.00,134.00,215.00,162.00, 11.00, 17.00,163.00,153.00, 61.00, 36.00,237.00,206.00,131.00, 83.00,217.00,182.00, 11.00, 11.00,208.00,196.00,144.00, 66.00,244.00,183.00,169.00,251.00,111.00, 79.00, 12.00, 12.00,151.00,179.00,136.00,112.00,246.00,141.00, 49.00, 30.00,170.00,176.00, 61.00, 24.00,216.00,167.00, 21.00, 37.00,144.00,111.00, 83.00, 80.00,111.00, 69.00, 60.00, 11.00,164.00,159.00, 20.00, 35.00,208.00, 79.00, 44.00, 36.00, 59.00,100.00,112.00,117.00,226.00,144.00, 27.00, 31.00,
11.250,174.00,245.00, 16.00, 16.00,235.00,273.00,250.00,223.00,185.00,103.00,175.00,230.00,241.00,214.00, 11.00, 15.00,222.00,209.00, 11.00, 11.00,292.00,287.00, 30.00, 55.00,219.00, 54.00, 11.00,134.00,215.00,166.00, 11.00, 17.00,170.00,154.00, 61.00, 37.00,237.00,206.00,131.00, 83.00,220.00,189.00, 11.00, 11.00,208.00,201.00,149.00, 68.00,244.00,183.00,169.00,251.00,116.00, 79.00, 12.00, 12.00,152.00,186.00,136.00,112.00,248.00,148.00, 49.00, 30.00,170.00,178.00, 73.00, 24.00,220.00,169.00, 21.00, 37.00,147.00,111.00, 83.00, 80.00,112.00, 69.00, 60.00, 11.00,164.00,162.00, 21.00, 35.00,208.00, 79.00, 44.00, 36.00, 59.00,100.00,112.00,118.00,227.00,144.00, 27.00, 31.00,
11.500,174.00,245.00, 16.00, 16.00,236.00,278.00,255.00,228.00,190.00,105.00,175.00,230.00,241.00,217.00, 11.00, 15.00,222.00,212.00, 11.00, 11.00,294.00,287.00, 30.00, 55.00,219.00, 54.00, 11.00,134.00,219.00,171.00, 11.00, 17.00,176.00,160.00, 63.00, 37.00,238.00,212.00,131.00, 83.00,223.00,195.00, 11.00, 11.00,210.00,204.00,154.00, 68.00,248.00,183.00,169.00,251.00,132.00, 83.00, 12.00, 12.00,158.00,192.00,143.00,112.00,253.00,158.00, 49.00, 30.00,176.00,182.00, 90.00, 24.00,223.00,174.00, 21.00, 37.00,151.00,111.00, 83.00, 80.00,116.00, 71.00, 61.00, 11.00,164.00,166.00, 22.00, 35.00,209.00, 83.00, 44.00, 36.00, 59.00,104.00,112.00,122.00,234.00,145.00, 27.00, 31.00,
11.750,175.00,246.00, 16.00, 16.00,239.00,278.00,255.00,232.00,195.00,105.00,175.00,233.00,241.00,219.00, 11.00, 15.00,222.00,218.00, 11.00, 11.00,295.00,289.00, 30.00, 55.00,221.00, 54.00, 11.00,134.00,220.00,177.00, 11.00, 17.00,179.00,163.00, 65.00, 37.00,241.00,215.00,131.00, 83.00,228.00,201.00, 11.00, 11.00,214.00,209.00,155.00, 70.00,250.00,185.00,169.00,251.00,145.00, 85.00, 12.00, 12.00,162.00,196.00,145.00,113.00,256.00,166.00, 49.00, 30.00,180.00,186.00,103.00, 24.00,225.00,175.00, 21.00, 37.00,157.00,112.00, 83.00, 80.00,120.00, 72.00, 62.00, 11.00,166.00,171.00, 22.00, 35.00,211.00, 91.00, 44.00, 36.00, 61.00,108.00,114.00,125.00,236.00,146.00, 27.00, 31.00,
12.000,176.00,248.00, 16.00, 16.00,243.00,279.00,258.00,236.00,199.00,105.00,175.00,233.00,242.00,221.00, 11.00, 15.00,225.00,219.00, 11.00, 11.00,298.00,291.00, 30.00, 55.00,225.00, 54.00, 11.00,134.00,225.00,180.00, 11.00, 17.00,182.00,166.00, 65.00, 37.00,247.00,219.00,133.00, 83.00,232.00,207.00, 11.00, 11.00,216.00,211.00,158.00, 72.00,253.00,186.00,169.00,251.00,161.00, 91.00, 12.00, 12.00,164.00,201.00,148.00,113.00,257.00,175.00, 49.00, 30.00,186.00,188.00,115.00, 24.00,228.00,176.00, 21.00, 37.00,162.00,121.00, 86.00, 80.00,122.00, 75.00, 65.00, 11.00,168.00,173.00, 23.00, 35.00,213.00,100.00, 44.00, 36.00, 65.00,112.00,121.00,130.00,240.00,149.00, 27.00, 31.00,
12.250,183.00,254.00, 16.00, 16.00,249.00,283.00,259.00,236.00,199.00,105.00,175.00,233.00,245.00,224.00, 11.00, 15.00,228.00,222.00, 11.00, 11.00,298.00,291.00, 30.00, 55.00,229.00, 54.00, 11.00,134.00,225.00,182.00, 11.00, 17.00,186.00,169.00, 65.00, 37.00,252.00,226.00,135.00, 83.00,233.00,211.00, 11.00, 11.00,219.00,212.00,162.00, 72.00,255.00,186.00,169.00,251.00,174.00, 98.00, 12.00, 12.00,170.00,208.00,152.00,115.00,260.00,182.00, 49.00, 30.00,192.00,191.00,126.00, 24.00,229.00,178.00, 21.00, 37.00,166.00,126.00, 86.00, 81.00,124.00, 77.00, 65.00, 11.00,172.00,173.00, 23.00, 35.00,216.00,107.00, 44.00, 36.00, 68.00,116.00,122.00,133.00,244.00,152.00, 27.00, 31.00,
12.500,184.00,255.00, 16.00, 16.00,249.00,284.00,262.00,241.00,210.00,111.00,176.00,234.00,246.00,229.00, 11.00, 15.00,233.00,228.00, 11.00, 11.00,301.00,293.00, 30.00, 55.00,234.00, 54.00, 11.00,135.00,231.00,189.00, 11.00, 17.00,188.00,173.00, 69.00, 37.00,254.00,229.00,139.00, 83.00,239.00,217.00, 11.00, 11.00,222.00,217.00,165.00, 72.00,258.00,190.00,169.00,251.00,185.00,101.00, 12.00, 12.00,173.00,210.00,157.00,117.00,265.00,193.00, 49.00, 30.00,192.00,196.00,136.00, 24.00,231.00,183.00, 21.00, 37.00,175.00,131.00, 92.00, 81.00,128.00, 80.00, 71.00, 11.00,175.00,179.00, 24.00, 35.00,221.00,118.00, 44.00, 36.00, 70.00,120.00,126.00,139.00,245.00,152.00, 27.00, 31.00,
12.750,186.00,257.00, 16.00, 16.00,250.00,286.00,266.00,246.00,216.00,111.00,176.00,234.00,247.00,232.00, 11.00, 15.00,236.00,231.00, 11.00, 11.00,302.00,296.00, 30.00, 55.00,238.00, 54.00, 11.00,136.00,232.00,192.00, 11.00, 17.00,193.00,176.00, 70.00, 37.00,255.00,233.00,142.00, 83.00,241.00,222.00, 11.00, 11.00,225.00,218.00,169.00, 72.00,260.00,192.00,169.00,251.00,192.00,107.00, 12.00, 12.00,175.00,211.00,159.00,117.00,268.00,198.00, 49.00, 30.00,197.00,198.00,145.00, 24.00,235.00,183.00, 21.00, 37.00,180.00,133.00, 96.00, 81.00,133.00, 85.00, 72.00, 11.00,178.00,181.00, 24.00, 35.00,224.00,124.00, 44.00, 36.00, 75.00,125.00,132.00,141.00,248.00,154.00, 27.00, 31.00,
13.000,189.00,262.00, 16.00, 16.00,253.00,288.00,267.00,248.00,221.00,113.00,176.00,235.00,249.00,237.00, 11.00, 15.00,242.00,233.00, 11.00, 11.00,303.00,298.00, 30.00, 55.00,244.00, 54.00, 11.00,137.00,236.00,196.00, 11.00, 17.00,194.00,179.00, 74.00, 38.00,258.00,238.00,150.00, 83.00,245.00,226.00, 11.00, 11.00,228.00,221.00,170.00, 72.00,264.00,196.00,169.00,251.00,200.00,116.00, 12.00, 12.00,181.00,211.00,163.00,117.00,271.00,206.00, 49.00, 30.00,198.00,201.00,155.00, 24.00,238.00,186.00, 21.00, 39.00,186.00,135.00,103.00, 82.00,137.00, 86.00, 75.00, 11.00,179.00,184.00, 25.00, 35.00,226.00,133.00, 44.00, 36.00, 78.00,130.00,135.00,147.00,250.00,155.00, 27.00, 31.00,
13.250,190.00,262.00, 16.00, 16.00,253.00,290.00,268.00,248.00,224.00,115.00,176.00,235.00,249.00,237.00, 11.00, 15.00,242.00,234.00, 11.00, 11.00,304.00,298.00, 30.00, 55.00,244.00, 54.00, 11.00,137.00,236.00,201.00, 11.00, 17.00,198.00,181.00, 74.00, 38.00,261.00,238.00,150.00, 83.00,245.00,229.00, 11.00, 11.00,228.00,223.00,172.00, 72.00,264.00,196.00,169.00,251.00,208.00,122.00, 12.00, 12.00,182.00,219.00,165.00,117.00,271.00,206.00, 49.00, 30.00,202.00,202.00,160.00, 24.00,238.00,186.00, 21.00, 39.00,186.00,142.00,103.00, 82.00,138.00, 86.00, 76.00, 11.00,182.00,185.00, 25.00, 35.00,228.00,137.00, 44.00, 36.00, 78.00,131.00,135.00,148.00,252.00,158.00, 27.00, 31.00,
13.500,193.00,262.00, 16.00, 16.00,256.00,290.00,270.00,253.00,232.00,121.00,177.00,236.00,249.00,239.00, 11.00, 15.00,243.00,238.00, 11.00, 11.00,308.00,299.00, 30.00, 55.00,247.00, 54.00, 11.00,137.00,239.00,205.00, 11.00, 17.00,204.00,184.00, 76.00, 38.00,261.00,243.00,152.00, 83.00,248.00,234.00, 11.00, 11.00,229.00,225.00,177.00, 72.00,266.00,196.00,169.00,251.00,212.00,135.00, 12.00, 12.00,194.00,220.00,166.00,118.00,274.00,215.00, 49.00, 30.00,203.00,206.00,167.00, 24.00,240.00,189.00, 21.00, 41.00,191.00,144.00,105.00, 83.00,143.00, 91.00, 78.00, 11.00,182.00,190.00, 25.00, 35.00,230.00,142.00, 44.00, 36.00, 79.00,136.00,139.00,153.00,253.00,160.00, 27.00, 31.00,
13.750,198.00,267.00, 16.00, 16.00,258.00,290.00,270.00,253.00,232.00,121.00,177.00,236.00,252.00,240.00, 11.00, 15.00,244.00,238.00, 11.00, 11.00,308.00,299.00, 30.00, 55.00,250.00, 55.00, 11.00,137.00,239.00,206.00, 11.00, 17.00,206.00,184.00, 76.00, 38.00,268.00,246.00,157.00, 83.00,248.00,236.00, 11.00, 11.00,230.00,225.00,178.00, 72.00,269.00,198.00,169.00,251.00,219.00,148.00, 12.00, 12.00,200.00,225.00,170.00,118.00,274.00,216.00, 49.00, 30.00,209.00,206.00,172.00, 24.00,240.00,189.00, 21.00, 41.00,194.00,155.00,105.00, 83.00,143.00, 91.00, 78.00, 11.00,187.00,190.00, 25.00, 35.00,232.00,146.00, 44.00, 36.00, 80.00,139.00,140.00,153.00,259.00,163.00, 27.00, 31.00,
14.000,198.00,267.00, 16.00, 16.00,258.00,292.00,272.00,256.00,241.00,130.00,177.00,237.00,253.00,243.00, 11.00, 15.00,248.00,244.00, 11.00, 11.00,309.00,299.00, 30.00, 56.00,253.00, 55.00, 11.00,138.00,241.00,211.00, 11.00, 17.00,214.00,188.00, 81.00, 38.00,268.00,247.00,162.00, 83.00,251.00,240.00, 11.00, 11.00,232.00,229.00,184.00, 72.00,270.00,202.00,169.00,251.00,224.00,161.00, 12.00, 12.00,208.00,226.00,172.00,122.00,277.00,223.00, 49.00, 31.00,210.00,209.00,175.00, 24.00,242.00,193.00, 21.00, 41.00,197.00,157.00,108.00, 83.00,149.00, 94.00, 81.00, 11.00,188.00,195.00, 28.00, 35.00,235.00,153.00, 44.00, 36.00, 87.00,142.00,144.00,159.00,259.00,164.00, 27.00, 31.00,
14.250,200.00,269.00, 16.00, 16.00,262.00,295.00,276.00,260.00,243.00,137.00,177.00,237.00,253.00,246.00, 11.00, 15.00,250.00,247.00, 11.00, 11.00,311.00,301.00, 30.00, 56.00,257.00, 55.00, 11.00,140.00,244.00,215.00, 11.00, 17.00,220.00,191.00, 82.00, 38.00,271.00,250.00,167.00, 83.00,254.00,243.00, 11.00, 12.00,234.00,232.00,186.00, 73.00,273.00,205.00,169.00,251.00,228.00,172.00, 12.00, 12.00,216.00,229.00,174.00,122.00,280.00,228.00, 49.00, 31.00,213.00,211.00,182.00, 24.00,245.00,193.00, 21.00, 41.00,204.00,157.00,113.00, 85.00,150.00, 99.00, 84.00, 11.00,189.00,196.00, 30.00, 35.00,237.00,158.00, 44.00, 36.00, 89.00,148.00,148.00,162.00,259.00,167.00, 27.00, 31.00,
14.500,200.00,269.00, 16.00, 16.00,262.00,295.00,277.00,260.00,247.00,141.00,177.00,238.00,255.00,246.00, 11.00, 15.00,250.00,248.00, 11.00, 11.00,311.00,302.00, 30.00, 56.00,257.00, 55.00, 11.00,140.00,244.00,218.00, 11.00, 17.00,223.00,195.00, 82.00, 38.00,271.00,250.00,173.00, 83.00,254.00,243.00, 11.00, 12.00,236.00,232.00,187.00, 73.00,273.00,206.00,169.00,251.00,231.00,179.00, 12.00, 12.00,223.00,231.00,176.00,122.00,280.00,230.00, 49.00, 31.00,215.00,216.00,185.00, 24.00,245.00,195.00, 21.00, 41.00,205.00,162.00,113.00, 85.00,152.00, 99.00, 84.00, 11.00,189.00,198.00, 30.00, 35.00,241.00,161.00, 44.00, 36.00, 92.00,148.00,150.00,165.00,261.00,167.00, 27.00, 31.00,
14.750,204.00,270.00, 16.00, 16.00,264.00,297.00,277.00,261.00,250.00,148.00,177.00,239.00,257.00,248.00, 11.00, 15.00,253.00,250.00, 11.00, 11.00,311.00,303.00, 30.00, 56.00,262.00, 58.00, 11.00,140.00,245.00,223.00, 11.00, 17.00,228.00,195.00, 85.00, 38.00,274.00,252.00,182.00, 83.00,258.00,247.00, 11.00, 12.00,238.00,234.00,189.00, 73.00,276.00,211.00,169.00,251.00,235.00,189.00, 12.00, 12.00,228.00,232.00,178.00,122.00,280.00,233.00, 49.00, 32.00,222.00,216.00,186.00, 24.00,246.00,198.00, 21.00, 41.00,209.00,168.00,117.00, 85.00,156.00,101.00, 87.00, 11.00,194.00,200.00, 31.00, 35.00,246.00,167.00, 44.00, 36.00, 96.00,153.00,153.00,167.00,263.00,168.00, 28.00, 32.00,
15.000,204.00,272.00, 16.00, 16.00,265.00,297.00,278.00,262.00,253.00,152.00,177.00,239.00,257.00,250.00, 11.00, 15.00,254.00,253.00, 11.00, 11.00,313.00,303.00, 30.00, 56.00,263.00, 59.00, 11.00,140.00,248.00,224.00, 11.00, 17.00,233.00,196.00, 88.00, 38.00,275.00,253.00,186.00, 83.00,258.00,248.00, 11.00, 12.00,239.00,235.00,191.00, 73.00,276.00,212.00,169.00,251.00,238.00,196.00, 12.00, 12.00,231.00,236.00,180.00,122.00,283.00,237.00, 49.00, 32.00,230.00,216.00,189.00, 24.00,247.00,198.00, 21.00, 41.00,212.00,173.00,117.00, 85.00,159.00,102.00, 88.00, 11.00,194.00,203.00, 31.00, 35.00,250.00,169.00, 44.00, 36.00, 96.00,156.00,155.00,168.00,265.00,171.00, 28.00, 32.00,
15.250,206.00,273.00, 16.00, 16.00,265.00,299.00,280.00,266.00,259.00,160.00,177.00,240.00,257.00,253.00, 11.00, 15.00,256.00,255.00, 11.00, 11.00,315.00,306.00, 30.00, 57.00,266.00, 60.00, 11.00,143.00,248.00,227.00, 11.00, 17.00,238.00,201.00, 90.00, 38.00,276.00,256.00,189.00, 83.00,260.00,251.00, 11.00, 13.00,242.00,238.00,196.00, 75.00,277.00,216.00,169.00,251.00,241.00,200.00, 12.00, 12.00,236.00,238.00,184.00,123.00,283.00,239.00, 49.00, 33.00,237.00,221.00,194.00, 24.00,249.00,201.00, 21.00, 41.00,215.00,173.00,119.00, 85.00,161.00,107.00, 90.00, 11.00,196.00,206.00, 34.00, 35.00,254.00,172.00, 44.00, 36.00, 99.00,159.00,158.00,173.00,265.00,173.00, 31.00, 32.00,
15.500,206.00,273.00, 16.00, 16.00,265.00,300.00,280.00,267.00,259.00,160.00,177.00,240.00,257.00,254.00, 11.00, 15.00,257.00,257.00, 11.00, 11.00,315.00,306.00, 30.00, 57.00,267.00, 60.00, 11.00,143.00,249.00,230.00, 11.00, 17.00,241.00,201.00, 91.00, 38.00,276.00,257.00,193.00, 83.00,260.00,251.00, 11.00, 13.00,247.00,239.00,201.00, 75.00,278.00,218.00,169.00,251.00,244.00,206.00, 12.00, 12.00,239.00,239.00,184.00,123.00,284.00,242.00, 49.00, 34.00,242.00,221.00,196.00, 24.00,249.00,202.00, 21.00, 41.00,217.00,175.00,122.00, 85.00,164.00,109.00, 92.00, 11.00,196.00,207.00, 35.00, 35.00,256.00,177.00, 44.00, 36.00,102.00,162.00,159.00,174.00,265.00,175.00, 31.00, 32.00,
15.750,209.00,277.00, 16.00, 16.00,268.00,301.00,281.00,268.00,263.00,167.00,177.00,240.00,257.00,257.00, 11.00, 15.00,257.00,258.00, 11.00, 11.00,315.00,306.00, 30.00, 57.00,269.00, 70.00, 11.00,143.00,252.00,233.00, 11.00, 17.00,241.00,205.00, 94.00, 40.00,279.00,260.00,202.00, 83.00,261.00,254.00, 11.00, 13.00,252.00,239.00,201.00, 75.00,280.00,223.00,169.00,251.00,247.00,214.00, 12.00, 12.00,242.00,240.00,185.00,126.00,287.00,245.00, 54.00, 35.00,247.00,223.00,197.00, 24.00,251.00,204.00, 21.00, 41.00,221.00,178.00,131.00, 85.00,165.00,113.00, 93.00, 11.00,199.00,209.00, 37.00, 35.00,261.00,182.00, 44.00, 36.00,109.00,163.00,162.00,178.00,268.00,176.00, 32.00, 32.00,
16.000,210.00,277.00, 16.00, 16.00,268.00,301.00,281.00,268.00,263.00,167.00,177.00,240.00,257.00,257.00, 11.00, 15.00,258.00,258.00, 11.00, 11.00,316.00,306.00, 30.00, 57.00,272.00, 70.00, 11.00,143.00,252.00,235.00, 11.00, 17.00,245.00,205.00, 94.00, 40.00,279.00,260.00,204.00, 83.00,262.00,255.00, 11.00, 13.00,252.00,240.00,201.00, 75.00,280.00,223.00,169.00,251.00,247.00,217.00, 12.00, 12.00,244.00,243.00,187.00,126.00,287.00,247.00, 54.00, 35.00,251.00,223.00,198.00, 24.00,253.00,205.00, 21.00, 41.00,222.00,178.00,131.00, 85.00,167.00,114.00, 93.00, 11.00,199.00,209.00, 38.00, 35.00,261.00,182.00, 44.00, 36.00,109.00,165.00,162.00,178.00,268.00,176.00, 32.00, 32.00,
16.250,210.00,277.00, 16.00, 16.00,269.00,302.00,284.00,270.00,266.00,172.00,177.00,241.00,258.00,258.00, 11.00, 15.00,259.00,261.00, 11.00, 11.00,318.00,309.00, 30.00, 57.00,272.00, 72.00, 11.00,143.00,252.00,238.00, 11.00, 17.00,248.00,206.00, 97.00, 40.00,282.00,260.00,208.00, 83.00,263.00,255.00, 11.00, 13.00,254.00,241.00,201.00, 75.00,281.00,225.00,169.00,251.00,249.00,222.00, 12.00, 12.00,247.00,243.00,188.00,126.00,288.00,248.00, 54.00, 35.00,257.00,223.00,201.00, 24.00,253.00,208.00, 21.00, 41.00,224.00,185.00,131.00, 85.00,171.00,114.00, 95.00, 11.00,200.00,211.00, 41.00, 35.00,265.00,186.00, 44.00, 36.00,111.00,168.00,164.00,182.00,269.00,178.00, 34.00, 32.00,
16.500,210.00,277.00, 16.00, 16.00,269.00,303.00,284.00,272.00,269.00,177.00,177.00,241.00,258.00,258.00, 11.00, 15.00,260.00,264.00, 11.00, 11.00,319.00,309.00, 30.00, 57.00,275.00, 73.00, 11.00,143.00,252.00,239.00, 11.00, 17.00,250.00,208.00, 99.00, 40.00,282.00,262.00,209.00, 83.00,264.00,258.00, 11.00, 13.00,255.00,241.00,204.00, 75.00,281.00,227.00,169.00,251.00,249.00,225.00, 12.00, 12.00,249.00,244.00,190.00,127.00,288.00,250.00, 54.00, 35.00,260.00,226.00,203.00, 24.00,253.00,209.00, 21.00, 41.00,225.00,185.00,131.00, 85.00,172.00,116.00, 99.00, 11.00,200.00,213.00, 44.00, 35.00,266.00,188.00, 44.00, 36.00,112.00,171.00,164.00,182.00,269.00,180.00, 35.00, 32.00,
16.750,212.00,281.00, 16.00, 16.00,270.00,303.00,284.00,272.00,269.00,177.00,177.00,241.00,261.00,259.00, 11.00, 15.00,262.00,264.00, 11.00, 11.00,319.00,309.00, 30.00, 57.00,276.00, 81.00, 11.00,143.00,252.00,239.00, 11.00, 17.00,251.00,208.00, 99.00, 40.00,282.00,263.00,213.00, 83.00,265.00,258.00, 11.00, 13.00,258.00,244.00,204.00, 75.00,283.00,230.00,169.00,251.00,253.00,228.00, 12.00, 12.00,249.00,245.00,192.00,127.00,288.00,253.00, 55.00, 35.00,263.00,228.00,203.00, 24.00,254.00,211.00, 21.00, 41.00,227.00,189.00,133.00, 85.00,174.00,118.00,100.00, 11.00,203.00,213.00, 44.00, 35.00,268.00,190.00, 44.00, 36.00,115.00,175.00,167.00,183.00,270.00,180.00, 36.00, 32.00,
17.000,212.00,281.00, 16.00, 16.00,270.00,303.00,284.00,272.00,269.00,178.00,177.00,241.00,261.00,262.00, 11.00, 15.00,262.00,264.00, 11.00, 11.00,319.00,309.00, 30.00, 57.00,276.00, 82.00, 11.00,143.00,253.00,243.00, 11.00, 17.00,253.00,209.00, 99.00, 40.00,283.00,264.00,219.00, 83.00,265.00,259.00, 11.00, 13.00,258.00,244.00,208.00, 75.00,283.00,231.00,169.00,251.00,254.00,232.00, 12.00, 12.00,252.00,249.00,193.00,127.00,290.00,254.00, 55.00, 36.00,266.00,231.00,205.00, 24.00,254.00,211.00, 21.00, 41.00,230.00,189.00,135.00, 85.00,175.00,121.00,101.00, 11.00,203.00,215.00, 44.00, 35.00,268.00,192.00, 44.00, 36.00,117.00,177.00,169.00,183.00,270.00,182.00, 38.00, 32.00,
17.250,213.00,281.00, 16.00, 16.00,272.00,304.00,285.00,275.00,271.00,183.00,177.00,242.00,261.00,263.00, 11.00, 15.00,263.00,267.00, 11.00, 11.00,321.00,311.00, 30.00, 57.00,280.00, 88.00, 11.00,143.00,256.00,244.00, 11.00, 17.00,254.00,210.00,104.00, 40.00,284.00,264.00,222.00, 83.00,268.00,261.00, 11.00, 13.00,259.00,244.00,210.00, 75.00,285.00,234.00,169.00,251.00,255.00,236.00, 12.00, 12.00,253.00,249.00,193.00,129.00,290.00,256.00, 60.00, 37.00,267.00,235.00,209.00, 24.00,255.00,214.00, 21.00, 41.00,234.00,195.00,138.00, 86.00,179.00,125.00,105.00, 11.00,204.00,217.00, 48.00, 35.00,271.00,198.00, 44.00, 36.00,122.00,179.00,174.00,189.00,272.00,185.00, 41.00, 32.00,
17.500,214.00,282.00, 16.00, 16.00,273.00,304.00,286.00,275.00,274.00,186.00,177.00,242.00,263.00,265.00, 11.00, 15.00,265.00,267.00, 11.00, 11.00,321.00,311.00, 30.00, 57.00,280.00, 94.00, 11.00,145.00,258.00,247.00, 11.00, 17.00,256.00,212.00,104.00, 40.00,287.00,267.00,227.00, 83.00,268.00,263.00, 11.00, 13.00,263.00,246.00,212.00, 75.00,287.00,234.00,169.00,251.00,257.00,239.00, 12.00, 12.00,255.00,251.00,195.00,130.00,293.00,257.00, 65.00, 38.00,270.00,239.00,209.00, 24.00,256.00,214.00, 21.00, 41.00,236.00,201.00,141.00, 87.00,181.00,127.00,107.00, 11.00,208.00,219.00, 50.00, 35.00,274.00,200.00, 44.00, 36.00,128.00,180.00,175.00,190.00,273.00,186.00, 46.00, 32.00,
17.750,214.00,282.00, 16.00, 16.00,273.00,304.00,286.00,275.00,276.00,187.00,177.00,242.00,263.00,265.00, 11.00, 15.00,265.00,270.00, 11.00, 11.00,323.00,311.00, 30.00, 57.00,281.00, 94.00, 11.00,145.00,258.00,249.00, 11.00, 17.00,259.00,214.00,109.00, 40.00,287.00,267.00,227.00, 83.00,268.00,263.00, 11.00, 13.00,263.00,249.00,213.00, 76.00,287.00,235.00,169.00,251.00,257.00,240.00, 12.00, 12.00,256.00,253.00,197.00,130.00,293.00,259.00, 65.00, 38.00,272.00,242.00,211.00, 24.00,256.00,217.00, 21.00, 41.00,236.00,201.00,141.00, 87.00,182.00,129.00,107.00, 11.00,208.00,221.00, 54.00, 35.00,274.00,202.00, 44.00, 36.00,128.00,182.00,175.00,191.00,273.00,188.00, 48.00, 32.00,
18.000,215.00,282.00, 16.00, 16.00,275.00,305.00,286.00,275.00,276.00,187.00,177.00,242.00,263.00,265.00, 11.00, 15.00,265.00,270.00, 11.00, 11.00,323.00,311.00, 30.00, 57.00,283.00,101.00, 11.00,145.00,258.00,249.00, 11.00, 17.00,259.00,215.00,109.00, 40.00,287.00,267.00,229.00, 83.00,268.00,265.00, 11.00, 13.00,263.00,249.00,215.00, 76.00,287.00,236.00,169.00,251.00,260.00,245.00, 12.00, 12.00,257.00,255.00,198.00,130.00,293.00,259.00, 65.00, 38.00,275.00,244.00,213.00, 24.00,257.00,218.00, 21.00, 41.00,237.00,203.00,141.00, 87.00,185.00,131.00,107.00, 11.00,208.00,221.00, 56.00, 35.00,274.00,202.00, 44.00, 36.00,128.00,186.00,178.00,192.00,274.00,188.00, 51.00, 32.00,
18.250,215.00,282.00, 16.00, 16.00,275.00,306.00,287.00,276.00,280.00,193.00,177.00,244.00,263.00,267.00, 11.00, 15.00,266.00,272.00, 11.00, 11.00,325.00,313.00, 30.00, 60.00,283.00,106.00, 11.00,146.00,260.00,251.00, 11.00, 17.00,260.00,218.00,111.00, 40.00,287.00,269.00,233.00, 83.00,270.00,265.00, 11.00, 14.00,267.00,249.00,215.00, 76.00,287.00,239.00,169.00,251.00,260.00,246.00, 12.00, 12.00,259.00,255.00,199.00,132.00,293.00,262.00, 69.00, 41.00,275.00,247.00,216.00, 24.00,259.00,219.00, 21.00, 41.00,239.00,205.00,147.00, 88.00,188.00,134.00,111.00, 12.00,211.00,224.00, 58.00, 35.00,275.00,206.00, 44.00, 36.00,135.00,187.00,182.00,197.00,275.00,192.00, 60.00, 35.00,
18.500,215.00,283.00, 16.00, 16.00,275.00,306.00,287.00,276.00,280.00,194.00,177.00,244.00,263.00,267.00, 11.00, 15.00,266.00,274.00, 11.00, 11.00,325.00,313.00, 30.00, 60.00,283.00,107.00, 11.00,146.00,260.00,251.00, 11.00, 17.00,261.00,218.00,111.00, 40.00,287.00,269.00,234.00, 83.00,271.00,265.00, 11.00, 14.00,267.00,250.00,215.00, 76.00,287.00,241.00,169.00,251.00,260.00,246.00, 12.00, 12.00,259.00,255.00,199.00,132.00,294.00,262.00, 69.00, 41.00,275.00,249.00,216.00, 24.00,259.00,221.00, 21.00, 41.00,239.00,207.00,147.00, 88.00,188.00,134.00,111.00, 12.00,211.00,224.00, 58.00, 35.00,277.00,207.00, 44.00, 36.00,135.00,189.00,182.00,197.00,275.00,192.00, 66.00, 35.00,
18.750,215.00,283.00, 16.00, 16.00,275.00,307.00,290.00,276.00,283.00,198.00,177.00,244.00,263.00,267.00, 11.00, 15.00,267.00,275.00, 11.00, 11.00,326.00,315.00, 30.00, 60.00,283.00,113.00, 11.00,146.00,260.00,254.00, 11.00, 17.00,263.00,219.00,113.00, 40.00,287.00,269.00,236.00, 83.00,271.00,265.00, 11.00, 14.00,267.00,251.00,220.00, 76.00,288.00,241.00,169.00,251.00,260.00,248.00, 12.00, 12.00,261.00,255.00,201.00,133.00,294.00,264.00, 69.00, 41.00,278.00,252.00,218.00, 24.00,259.00,221.00, 21.00, 43.00,242.00,207.00,148.00, 88.00,192.00,139.00,114.00, 12.00,211.00,225.00, 62.00, 35.00,277.00,208.00, 44.00, 36.00,135.00,190.00,182.00,197.00,277.00,193.00, 71.00, 35.00,
19.000,216.00,283.00, 16.00, 16.00,277.00,307.00,290.00,276.00,283.00,198.00,177.00,244.00,263.00,269.00, 11.00, 15.00,267.00,275.00, 11.00, 11.00,326.00,315.00, 30.00, 60.00,283.00,118.00, 11.00,146.00,260.00,254.00, 11.00, 17.00,263.00,219.00,113.00, 40.00,287.00,269.00,237.00, 83.00,272.00,265.00, 11.00, 14.00,267.00,251.00,220.00, 76.00,288.00,241.00,169.00,251.00,260.00,248.00, 12.00, 12.00,261.00,258.00,202.00,133.00,294.00,264.00, 69.00, 41.00,278.00,252.00,218.00, 24.00,260.00,222.00, 21.00, 43.00,244.00,207.00,148.00, 88.00,192.00,139.00,114.00, 12.00,211.00,225.00, 62.00, 35.00,277.00,208.00, 44.00, 36.00,135.00,193.00,182.00,197.00,277.00,194.00, 75.00, 35.00,
19.250,217.00,285.00, 16.00, 16.00,277.00,307.00,290.00,276.00,283.00,198.00,177.00,244.00,265.00,269.00, 11.00, 15.00,267.00,275.00, 11.00, 11.00,326.00,315.00, 30.00, 60.00,284.00,123.00, 11.00,146.00,260.00,255.00, 11.00, 17.00,263.00,221.00,113.00, 40.00,290.00,269.00,239.00, 83.00,272.00,266.00, 11.00, 14.00,267.00,251.00,220.00, 76.00,289.00,242.00,169.00,251.00,263.00,251.00, 12.00, 12.00,261.00,260.00,204.00,133.00,294.00,265.00, 69.00, 42.00,280.00,252.00,221.00, 24.00,260.00,223.00, 21.00, 43.00,244.00,211.00,148.00, 88.00,193.00,140.00,116.00, 12.00,214.00,226.00, 63.00, 35.00,277.00,209.00, 44.00, 36.00,137.00,194.00,184.00,198.00,279.00,194.00, 84.00, 35.00,
19.500,217.00,285.00, 16.00, 16.00,277.00,308.00,290.00,278.00,284.00,203.00,177.00,244.00,265.00,269.00, 11.00, 15.00,267.00,275.00, 11.00, 11.00,326.00,316.00, 30.00, 60.00,284.00,126.00, 11.00,146.00,260.00,258.00, 11.00, 17.00,265.00,221.00,116.00, 40.00,290.00,270.00,242.00, 83.00,272.00,266.00, 11.00, 14.00,270.00,254.00,220.00, 77.00,289.00,243.00,169.00,251.00,263.00,251.00, 12.00, 12.00,261.00,260.00,204.00,133.00,294.00,265.00, 72.00, 42.00,280.00,255.00,221.00, 24.00,261.00,225.00, 21.00, 43.00,245.00,212.00,150.00, 88.00,196.00,144.00,118.00, 12.00,214.00,227.00, 67.00, 35.00,279.00,212.00, 44.00, 36.00,141.00,197.00,187.00,201.00,280.00,197.00, 98.00, 35.00,
19.750,217.00,285.00, 16.00, 16.00,277.00,308.00,290.00,279.00,284.00,203.00,177.00,244.00,265.00,269.00, 11.00, 15.00,267.00,277.00, 11.00, 11.00,326.00,316.00, 30.00, 60.00,285.00,132.00, 11.00,146.00,260.00,258.00, 11.00, 17.00,265.00,223.00,116.00, 40.00,290.00,271.00,245.00, 83.00,272.00,266.00, 11.00, 14.00,271.00,254.00,221.00, 77.00,289.00,245.00,169.00,251.00,263.00,253.00, 12.00, 12.00,262.00,260.00,204.00,134.00,295.00,266.00, 72.00, 42.00,281.00,257.00,221.00, 24.00,262.00,225.00, 21.00, 43.00,247.00,213.00,150.00, 88.00,198.00,144.00,120.00, 12.00,214.00,229.00, 67.00, 35.00,280.00,214.00, 44.00, 36.00,142.00,197.00,187.00,202.00,280.00,199.00,103.00, 35.00,
20.000,217.00,287.00, 16.00, 16.00,277.00,308.00,292.00,279.00,285.00,207.00,177.00,244.00,267.00,270.00, 11.00, 15.00,268.00,277.00, 11.00, 11.00,327.00,316.00, 30.00, 60.00,287.00,143.00, 11.00,147.00,263.00,258.00, 11.00, 17.00,265.00,225.00,116.00, 40.00,291.00,271.00,249.00, 83.00,274.00,267.00, 11.00, 14.00,272.00,255.00,223.00, 79.00,291.00,247.00,169.00,251.00,264.00,255.00, 12.00, 12.00,265.00,260.00,204.00,134.00,297.00,268.00, 80.00, 42.00,282.00,257.00,225.00, 26.00,263.00,228.00, 21.00, 43.00,247.00,218.00,157.00, 88.00,202.00,148.00,122.00, 12.00,221.00,231.00, 69.00, 35.00,281.00,219.00, 46.00, 37.00,152.00,199.00,193.00,208.00,282.00,200.00,110.00, 36.00,
20.250,217.00,287.00, 16.00, 16.00,277.00,310.00,295.00,282.00,290.00,208.00,177.00,244.00,267.00,272.00, 11.00, 15.00,268.00,282.00, 11.00, 11.00,331.00,317.00, 32.00, 62.00,287.00,143.00, 11.00,147.00,263.00,264.00, 11.00, 17.00,267.00,228.00,121.00, 40.00,291.00,272.00,249.00, 83.00,274.00,268.00, 11.00, 14.00,272.00,257.00,227.00, 79.00,291.00,247.00,169.00,251.00,264.00,255.00, 12.00, 12.00,265.00,261.00,206.00,134.00,297.00,270.00, 80.00, 42.00,282.00,260.00,225.00, 26.00,263.00,228.00, 21.00, 48.00,251.00,218.00,157.00, 88.00,202.00,154.00,125.00, 12.00,221.00,231.00, 72.00, 35.00,281.00,219.00, 46.00, 37.00,152.00,207.00,193.00,208.00,282.00,203.00,110.00, 36.00,
20.500,217.00,287.00, 16.00, 16.00,277.00,310.00,295.00,282.00,290.00,211.00,177.00,245.00,267.00,272.00, 11.00, 15.00,268.00,282.00, 11.00, 11.00,331.00,318.00, 32.00, 62.00,287.00,144.00, 11.00,147.00,263.00,264.00, 11.00, 17.00,268.00,230.00,121.00, 40.00,291.00,272.00,249.00, 83.00,275.00,269.00, 11.00, 14.00,272.00,257.00,227.00, 79.00,291.00,247.00,169.00,251.00,264.00,255.00, 12.00, 12.00,265.00,262.00,207.00,136.00,297.00,270.00, 80.00, 42.00,283.00,261.00,226.00, 26.00,263.00,229.00, 21.00, 48.00,251.00,218.00,157.00, 88.00,203.00,154.00,126.00, 12.00,221.00,232.00, 74.00, 35.00,281.00,219.00, 46.00, 37.00,152.00,207.00,193.00,208.00,283.00,203.00,114.00, 36.00,
20.750,218.00,287.00, 16.00, 16.00,279.00,310.00,295.00,282.00,290.00,213.00,177.00,245.00,267.00,274.00, 11.00, 15.00,272.00,282.00, 11.00, 11.00,331.00,319.00, 33.00, 65.00,288.00,156.00, 11.00,148.00,265.00,265.00, 11.00, 17.00,268.00,231.00,122.00, 40.00,292.00,273.00,252.00, 83.00,277.00,271.00, 13.00, 14.00,273.00,258.00,228.00, 80.00,292.00,251.00,169.00,251.00,266.00,259.00, 14.00, 12.00,268.00,265.00,212.00,137.00,298.00,272.00, 84.00, 45.00,285.00,262.00,229.00, 26.00,266.00,231.00, 21.00, 48.00,254.00,220.00,163.00, 91.00,207.00,156.00,130.00, 13.00,221.00,235.00, 77.00, 35.00,281.00,223.00, 46.00, 37.00,153.00,207.00,196.00,211.00,285.00,207.00,119.00, 38.00,
21.000,218.00,287.00, 16.00, 16.00,279.00,311.00,295.00,282.00,293.00,213.00,177.00,245.00,267.00,274.00, 11.00, 15.00,272.00,283.00, 11.00, 11.00,331.00,320.00, 33.00, 65.00,289.00,157.00, 11.00,148.00,266.00,266.00, 11.00, 17.00,270.00,233.00,123.00, 41.00,292.00,275.00,254.00, 83.00,277.00,271.00, 14.00, 14.00,273.00,261.00,230.00, 82.00,292.00,254.00,169.00,251.00,266.00,259.00, 14.00, 12.00,268.00,265.00,213.00,139.00,298.00,272.00, 84.00, 45.00,287.00,262.00,229.00, 26.00,266.00,232.00, 21.00, 48.00,254.00,220.00,163.00, 91.00,208.00,160.00,132.00, 14.00,221.00,235.00, 80.00, 35.00,282.00,223.00, 46.00, 37.00,153.00,210.00,198.00,212.00,285.00,208.00,123.00, 38.00,
21.250,218.00,287.00, 16.00, 16.00,279.00,311.00,295.00,282.00,293.00,213.00,177.00,245.00,267.00,274.00, 11.00, 15.00,272.00,283.00, 11.00, 11.00,331.00,320.00, 33.00, 65.00,289.00,159.00, 11.00,148.00,266.00,266.00, 11.00, 17.00,270.00,235.00,123.00, 41.00,292.00,275.00,254.00, 83.00,277.00,271.00, 14.00, 14.00,273.00,261.00,230.00, 82.00,292.00,254.00,169.00,251.00,266.00,259.00, 14.00, 12.00,268.00,266.00,213.00,139.00,298.00,272.00, 84.00, 45.00,287.00,262.00,229.00, 26.00,266.00,232.00, 21.00, 48.00,254.00,220.00,163.00, 91.00,208.00,160.00,132.00, 14.00,221.00,235.00, 80.00, 35.00,282.00,223.00, 46.00, 37.00,153.00,210.00,198.00,212.00,285.00,208.00,123.00, 38.00,
21.500,218.00,287.00, 16.00, 16.00,279.00,311.00,295.00,282.00,293.00,213.00,177.00,245.00,267.00,274.00, 11.00, 15.00,272.00,283.00, 11.00, 11.00,331.00,320.00, 33.00, 65.00,289.00,164.00, 11.00,148.00,266.00,266.00, 11.00, 17.00,272.00,237.00,123.00, 41.00,292.00,275.00,255.00, 83.00,277.00,271.00, 14.00, 14.00,273.00,261.00,232.00, 82.00,292.00,254.00,169.00,251.00,266.00,259.00, 14.00, 12.00,268.00,266.00,213.00,139.00,298.00,272.00, 84.00, 45.00,287.00,262.00,229.00, 26.00,266.00,234.00, 21.00, 48.00,255.00,220.00,163.00, 91.00,211.00,163.00,134.00, 14.00,221.00,237.00, 80.00, 35.00,282.00,224.00, 46.00, 37.00,154.00,213.00,198.00,212.00,285.00,210.00,123.00, 38.00,
21.750,218.00,287.00, 16.00, 16.00,279.00,311.00,295.00,282.00,293.00,217.00,177.00,245.00,267.00,274.00, 11.00, 15.00,272.00,285.00, 11.00, 11.00,332.00,320.00, 33.00, 65.00,289.00,169.00, 11.00,148.00,266.00,266.00, 11.00, 17.00,272.00,239.00,124.00, 41.00,292.00,275.00,256.00, 83.00,277.00,271.00, 14.00, 14.00,273.00,261.00,232.00, 82.00,292.00,254.00,169.00,251.00,266.00,260.00, 14.00, 12.00,269.00,266.00,213.00,140.00,298.00,274.00, 84.00, 45.00,287.00,262.00,232.00, 26.00,266.00,235.00, 21.00, 48.00,255.00,222.00,163.00, 91.00,212.00,164.00,136.00, 14.00,221.00,237.00, 82.00, 35.00,282.00,227.00, 46.00, 37.00,155.00,213.00,198.00,213.00,285.00,210.00,125.00, 38.00,
22.000,218.00,287.00, 16.00, 16.00,279.00,311.00,295.00,282.00,293.00,219.00,177.00,245.00,267.00,275.00, 11.00, 15.00,272.00,286.00, 11.00, 11.00,332.00,320.00, 33.00, 65.00,289.00,174.00, 11.00,148.00,266.00,266.00, 11.00, 17.00,272.00,240.00,124.00, 41.00,292.00,275.00,257.00, 83.00,278.00,271.00, 14.00, 14.00,274.00,262.00,233.00, 82.00,292.00,254.00,169.00,251.00,267.00,260.00, 14.00, 12.00,269.00,268.00,213.00,140.00,298.00,274.00, 86.00, 45.00,288.00,263.00,232.00, 26.00,268.00,236.00, 21.00, 48.00,258.00,224.00,163.00, 91.00,214.00,167.00,138.00, 14.00,221.00,239.00, 84.00, 35.00,282.00,227.00, 46.00, 37.00,157.00,215.00,201.00,215.00,286.00,213.00,126.00, 38.00,
22.250,218.00,289.00, 16.00, 16.00,281.00,314.00,296.00,283.00,295.00,220.00,178.00,246.00,267.00,276.00, 11.00, 15.00,274.00,287.00, 11.00, 11.00,334.00,321.00, 33.00, 65.00,293.00,180.00, 14.00,148.00,268.00,270.00, 11.00, 17.00,272.00,243.00,128.00, 42.00,293.00,275.00,259.00, 83.00,279.00,273.00, 14.00, 14.00,275.00,263.00,235.00, 82.00,292.00,256.00,169.00,251.00,268.00,263.00, 15.00, 12.00,270.00,270.00,215.00,143.00,299.00,277.00, 90.00, 46.00,290.00,265.00,235.00, 26.00,269.00,238.00, 21.00, 48.00,261.00,224.00,168.00, 91.00,217.00,171.00,142.00, 14.00,222.00,239.00, 85.00, 35.00,282.00,229.00, 46.00, 37.00,161.00,218.00,203.00,217.00,286.00,215.00,128.00, 41.00,
22.500,218.00,289.00, 16.00, 16.00,281.00,314.00,296.00,283.00,295.00,221.00,178.00,246.00,267.00,276.00, 11.00, 15.00,274.00,288.00, 11.00, 11.00,334.00,321.00, 33.00, 65.00,293.00,183.00, 14.00,148.00,268.00,270.00, 11.00, 17.00,272.00,243.00,128.00, 42.00,293.00,275.00,260.00, 83.00,279.00,273.00, 14.00, 14.00,276.00,263.00,235.00, 82.00,292.00,257.00,169.00,251.00,268.00,263.00, 15.00, 12.00,270.00,271.00,215.00,143.00,299.00,277.00, 90.00, 46.00,290.00,265.00,235.00, 26.00,269.00,238.00, 21.00, 48.00,261.00,230.00,168.00, 91.00,217.00,171.00,142.00, 14.00,224.00,239.00, 85.00, 35.00,282.00,231.00, 46.00, 37.00,163.00,218.00,203.00,217.00,286.00,215.00,129.00, 41.00,
22.750,218.00,289.00, 16.00, 16.00,281.00,314.00,296.00,283.00,295.00,221.00,178.00,246.00,267.00,276.00, 11.00, 15.00,274.00,288.00, 11.00, 11.00,334.00,321.00, 33.00, 65.00,293.00,187.00, 14.00,148.00,268.00,270.00, 11.00, 17.00,272.00,245.00,128.00, 42.00,294.00,276.00,262.00, 83.00,279.00,273.00, 14.00, 14.00,276.00,263.00,235.00, 83.00,292.00,257.00,169.00,251.00,268.00,263.00, 15.00, 12.00,270.00,272.00,215.00,143.00,299.00,277.00, 94.00, 46.00,290.00,265.00,235.00, 26.00,269.00,238.00, 21.00, 48.00,261.00,230.00,168.00, 91.00,219.00,171.00,144.00, 14.00,224.00,240.00, 85.00, 35.00,282.00,233.00, 46.00, 37.00,167.00,218.00,205.00,219.00,287.00,215.00,129.00, 41.00,
23.000,218.00,289.00, 16.00, 16.00,281.00,314.00,296.00,283.00,295.00,224.00,178.00,246.00,267.00,276.00, 11.00, 15.00,274.00,289.00, 11.00, 11.00,334.00,321.00, 33.00, 65.00,293.00,193.00, 14.00,148.00,269.00,271.00, 11.00, 17.00,272.00,247.00,128.00, 42.00,294.00,276.00,263.00, 83.00,279.00,273.00, 14.00, 14.00,276.00,264.00,236.00, 83.00,292.00,258.00,169.00,251.00,269.00,263.00, 15.00, 12.00,270.00,273.00,218.00,143.00,299.00,277.00, 95.00, 46.00,290.00,265.00,236.00, 26.00,269.00,239.00, 21.00, 48.00,261.00,231.00,170.00, 91.00,219.00,176.00,145.00, 14.00,227.00,241.00, 85.00, 35.00,282.00,235.00, 46.00, 37.00,168.00,218.00,207.00,220.00,287.00,219.00,131.00, 41.00,
23.250,218.00,290.00, 16.00, 16.00,281.00,314.00,296.00,283.00,296.00,225.00,178.00,246.00,267.00,277.00, 11.00, 15.00,274.00,291.00, 11.00, 11.00,334.00,322.00, 33.00, 65.00,293.00,195.00, 14.00,148.00,270.00,272.00, 11.00, 17.00,274.00,247.00,128.00, 42.00,294.00,276.00,263.00, 83.00,280.00,273.00, 14.00, 14.00,277.00,266.00,239.00, 83.00,292.00,259.00,169.00,251.00,269.00,264.00, 15.00, 12.00,271.00,275.00,218.00,145.00,299.00,278.00, 96.00, 46.00,291.00,265.00,236.00, 26.00,271.00,240.00, 21.00, 48.00,263.00,231.00,170.00, 91.00,223.00,178.00,148.00, 14.00,227.00,243.00, 89.00, 35.00,282.00,235.00, 46.00, 37.00,168.00,224.00,207.00,222.00,287.00,220.00,131.00, 41.00,
23.500,218.00,290.00, 16.00, 16.00,281.00,314.00,296.00,283.00,297.00,227.00,178.00,246.00,267.00,277.00, 11.00, 15.00,274.00,291.00, 11.00, 11.00,335.00,322.00, 33.00, 65.00,293.00,199.00, 14.00,148.00,270.00,272.00, 11.00, 17.00,274.00,249.00,128.00, 42.00,294.00,276.00,264.00, 83.00,280.00,273.00, 14.00, 14.00,277.00,266.00,239.00, 83.00,292.00,260.00,169.00,251.00,269.00,264.00, 15.00, 12.00,271.00,276.00,218.00,145.00,299.00,279.00, 96.00, 46.00,291.00,265.00,236.00, 26.00,271.00,242.00, 21.00, 48.00,263.00,231.00,170.00, 91.00,223.00,179.00,149.00, 14.00,227.00,243.00, 89.00, 35.00,282.00,236.00, 46.00, 37.00,169.00,224.00,208.00,222.00,287.00,222.00,131.00, 41.00,
23.750,218.00,290.00, 16.00, 16.00,281.00,314.00,296.00,283.00,299.00,231.00,178.00,246.00,267.00,277.00, 11.00, 15.00,274.00,291.00, 11.00, 11.00,336.00,322.00, 33.00, 65.00,293.00,202.00, 14.00,148.00,270.00,272.00, 11.00, 17.00,274.00,249.00,128.00, 42.00,294.00,277.00,264.00, 83.00,280.00,273.00, 14.00, 14.00,277.00,266.00,239.00, 83.00,292.00,260.00,169.00,251.00,269.00,264.00, 15.00, 12.00,271.00,276.00,218.00,145.00,299.00,279.00, 96.00, 48.00,291.00,265.00,236.00, 26.00,271.00,242.00, 21.00, 48.00,263.00,234.00,170.00, 91.00,223.00,181.00,150.00, 16.00,227.00,243.00, 89.00, 35.00,282.00,236.00, 46.00, 37.00,170.00,224.00,209.00,223.00,287.00,222.00,131.00, 42.00,
24.000,218.00,290.00, 16.00, 16.00,281.00,314.00,296.00,283.00,299.00,231.00,178.00,246.00,267.00,277.00, 11.00, 15.00,274.00,291.00, 11.00, 11.00,336.00,322.00, 33.00, 65.00,293.00,206.00, 14.00,148.00,270.00,272.00, 11.00, 17.00,274.00,250.00,128.00, 42.00,295.00,277.00,265.00, 83.00,280.00,273.00, 14.00, 14.00,277.00,266.00,239.00, 83.00,292.00,260.00,169.00,251.00,269.00,264.00, 15.00, 12.00,271.00,276.00,218.00,145.00,299.00,279.00, 99.00, 48.00,291.00,265.00,237.00, 26.00,271.00,242.00, 21.00, 48.00,263.00,238.00,171.00, 91.00,223.00,181.00,153.00, 16.00,229.00,243.00, 89.00, 35.00,283.00,238.00, 46.00, 37.00,173.00,224.00,210.00,225.00,287.00,223.00,131.00, 43.00,
24.250,218.00,290.00, 16.00, 16.00,281.00,314.00,296.00,283.00,299.00,237.00,178.00,246.00,267.00,277.00, 11.00, 15.00,274.00,292.00, 11.00, 11.00,336.00,323.00, 33.00, 65.00,293.00,210.00, 14.00,148.00,270.00,274.00, 11.00, 17.00,275.00,252.00,129.00, 42.00,295.00,277.00,265.00, 83.00,280.00,273.00, 14.00, 14.00,277.00,267.00,239.00, 85.00,292.00,261.00,169.00,251.00,269.00,264.00, 15.00, 12.00,272.00,277.00,219.00,146.00,299.00,279.00,101.00, 48.00,291.00,266.00,239.00, 26.00,271.00,242.00, 21.00, 48.00,264.00,238.00,174.00, 91.00,225.00,185.00,153.00, 17.00,230.00,245.00, 90.00, 35.00,283.00,238.00, 46.00, 37.00,174.00,225.00,210.00,225.00,288.00,225.00,132.00, 43.00,
24.500,218.00,290.00, 16.00, 16.00,282.00,314.00,296.00,285.00,300.00,240.00,178.00,246.00,267.00,277.00, 11.00, 15.00,274.00,293.00, 11.00, 12.00,336.00,323.00, 33.00, 65.00,293.00,212.00, 14.00,149.00,270.00,274.00, 11.00, 17.00,275.00,253.00,133.00, 43.00,295.00,277.00,265.00, 83.00,282.00,275.00, 14.00, 14.00,277.00,267.00,241.00, 85.00,292.00,262.00,169.00,251.00,271.00,266.00, 15.00, 12.00,273.00,280.00,220.00,148.00,299.00,280.00,101.00, 50.00,294.00,267.00,241.00, 27.00,271.00,244.00, 21.00, 48.00,264.00,239.00,174.00, 91.00,229.00,189.00,156.00, 18.00,230.00,245.00, 92.00, 37.00,283.00,240.00, 46.00, 37.00,177.00,225.00,212.00,226.00,288.00,228.00,135.00, 46.00,
24.750,218.00,291.00, 16.00, 16.00,282.00,314.00,296.00,285.00,300.00,240.00,178.00,246.00,267.00,277.00, 11.00, 15.00,274.00,293.00, 11.00, 12.00,338.00,323.00, 33.00, 65.00,293.00,219.00, 14.00,149.00,271.00,274.00, 11.00, 17.00,275.00,253.00,133.00, 43.00,296.00,278.00,267.00, 83.00,282.00,275.00, 14.00, 14.00,278.00,267.00,241.00, 85.00,292.00,262.00,169.00,251.00,271.00,266.00, 15.00, 12.00,273.00,280.00,223.00,148.00,299.00,280.00,105.00, 50.00,294.00,267.00,241.00, 27.00,272.00,244.00, 21.00, 48.00,264.00,242.00,175.00, 91.00,229.00,189.00,157.00, 18.00,232.00,246.00, 92.00, 37.00,284.00,242.00, 46.00, 37.00,177.00,228.00,213.00,228.00,289.00,228.00,136.00, 46.00,
25.000,218.00,291.00, 16.00, 16.00,282.00,314.00,296.00,285.00,300.00,241.00,178.00,246.00,267.00,278.00, 11.00, 15.00,274.00,293.00, 11.00, 12.00,338.00,323.00, 33.00, 65.00,293.00,221.00, 14.00,149.00,271.00,274.00, 11.00, 17.00,275.00,253.00,133.00, 43.00,296.00,278.00,267.00, 83.00,282.00,275.00, 14.00, 14.00,278.00,267.00,241.00, 85.00,292.00,262.00,169.00,251.00,271.00,266.00, 15.00, 12.00,273.00,281.00,223.00,148.00,299.00,280.00,105.00, 50.00,294.00,267.00,241.00, 27.00,272.00,244.00, 21.00, 48.00,264.00,242.00,175.00, 91.00,229.00,189.00,157.00, 18.00,232.00,246.00, 92.00, 37.00,284.00,242.00, 46.00, 37.00,178.00,228.00,213.00,228.00,289.00,228.00,136.00, 46.00,
25.250,218.00,291.00, 16.00, 16.00,282.00,315.00,296.00,285.00,300.00,245.00,178.00,246.00,268.00,278.00, 11.00, 15.00,274.00,293.00, 11.00, 12.00,338.00,323.00, 36.00, 65.00,293.00,221.00, 15.00,149.00,271.00,274.00, 11.00, 17.00,276.00,256.00,133.00, 43.00,296.00,278.00,267.00, 83.00,282.00,275.00, 14.00, 14.00,278.00,269.00,244.00, 85.00,292.00,262.00,169.00,251.00,271.00,266.00, 15.00, 12.00,274.00,281.00,223.00,148.00,299.00,280.00,105.00, 50.00,294.00,267.00,241.00, 27.00,272.00,246.00, 21.00, 48.00,265.00,244.00,175.00, 91.00,229.00,190.00,158.00, 18.00,232.00,247.00, 92.00, 37.00,284.00,242.00, 46.00, 37.00,180.00,230.00,215.00,228.00,289.00,230.00,136.00, 46.00,
25.500,218.00,291.00, 16.00, 16.00,282.00,315.00,298.00,285.00,302.00,247.00,178.00,246.00,268.00,278.00, 11.00, 15.00,274.00,295.00, 11.00, 12.00,339.00,324.00, 36.00, 65.00,293.00,225.00, 16.00,149.00,271.00,276.00, 11.00, 17.00,276.00,256.00,133.00, 43.00,296.00,278.00,267.00, 83.00,282.00,275.00, 14.00, 14.00,278.00,270.00,244.00, 85.00,292.00,263.00,169.00,251.00,271.00,266.00, 15.00, 12.00,274.00,281.00,223.00,148.00,299.00,281.00,105.00, 50.00,294.00,267.00,243.00, 27.00,274.00,246.00, 21.00, 48.00,268.00,244.00,175.00, 91.00,233.00,194.00,161.00, 18.00,232.00,247.00, 93.00, 37.00,284.00,242.00, 46.00, 37.00,180.00,232.00,215.00,229.00,289.00,231.00,136.00, 48.00,
25.750,218.00,291.00, 16.00, 16.00,282.00,315.00,298.00,285.00,302.00,248.00,178.00,246.00,268.00,279.00, 11.00, 15.00,274.00,295.00, 11.00, 12.00,339.00,324.00, 36.00, 65.00,293.00,229.00, 16.00,149.00,272.00,276.00, 11.00, 17.00,276.00,256.00,133.00, 43.00,296.00,278.00,267.00, 83.00,282.00,275.00, 14.00, 14.00,278.00,270.00,244.00, 85.00,292.00,263.00,169.00,251.00,271.00,266.00, 15.00, 12.00,274.00,282.00,224.00,149.00,299.00,281.00,105.00, 50.00,294.00,267.00,243.00, 27.00,274.00,246.00, 21.00, 48.00,268.00,244.00,175.00, 91.00,233.00,195.00,162.00, 18.00,232.00,247.00, 93.00, 37.00,284.00,243.00, 46.00, 37.00,180.00,232.00,215.00,229.00,289.00,231.00,136.00, 48.00,
26.000,218.00,291.00, 16.00, 16.00,282.00,316.00,298.00,285.00,302.00,250.00,178.00,246.00,268.00,279.00, 11.00, 15.00,274.00,295.00, 11.00, 12.00,339.00,325.00, 36.00, 65.00,293.00,230.00, 16.00,149.00,272.00,277.00, 11.00, 17.00,276.00,256.00,133.00, 43.00,296.00,279.00,267.00, 83.00,282.00,275.00, 14.00, 14.00,278.00,271.00,246.00, 85.00,292.00,263.00,169.00,251.00,271.00,266.00, 15.00, 12.00,274.00,282.00,224.00,149.00,299.00,281.00,105.00, 50.00,294.00,267.00,243.00, 27.00,274.00,246.00, 21.00, 48.00,268.00,246.00,175.00, 91.00,233.00,195.00,163.00, 18.00,232.00,247.00, 93.00, 37.00,284.00,243.00, 46.00, 37.00,180.00,233.00,215.00,229.00,289.00,233.00,136.00, 49.00,
26.250,218.00,291.00, 16.00, 16.00,282.00,316.00,298.00,286.00,302.00,254.00,178.00,246.00,269.00,279.00, 11.00, 15.00,274.00,296.00, 11.00, 12.00,339.00,325.00, 36.00, 65.00,293.00,233.00, 16.00,149.00,272.00,277.00, 11.00, 17.00,276.00,257.00,133.00, 43.00,296.00,279.00,267.00, 83.00,283.00,275.00, 14.00, 15.00,278.00,271.00,246.00, 86.00,292.00,264.00,169.00,251.00,271.00,266.00, 15.00, 12.00,276.00,284.00,225.00,150.00,299.00,283.00,108.00, 50.00,294.00,267.00,244.00, 27.00,274.00,248.00, 21.00, 48.00,268.00,249.00,176.00, 91.00,236.00,197.00,166.00, 18.00,233.00,250.00, 95.00, 37.00,284.00,244.00, 46.00, 37.00,183.00,233.00,218.00,232.00,289.00,235.00,139.00, 51.00,
26.500,218.00,292.00, 16.00, 16.00,282.00,316.00,298.00,286.00,302.00,255.00,178.00,246.00,270.00,279.00, 11.00, 15.00,275.00,296.00, 11.00, 12.00,339.00,326.00, 36.00, 65.00,294.00,242.00, 16.00,149.00,272.00,277.00, 12.00, 17.00,276.00,257.00,133.00, 44.00,297.00,279.00,270.00, 83.00,284.00,275.00, 14.00, 15.00,279.00,271.00,246.00, 87.00,294.00,266.00,169.00,251.00,273.00,266.00, 15.00, 12.00,276.00,284.00,225.00,150.00,300.00,284.00,116.00, 50.00,295.00,268.00,244.00, 30.00,274.00,248.00, 21.00, 48.00,269.00,255.00,184.00, 93.00,237.00,199.00,167.00, 18.00,236.00,250.00, 95.00, 37.00,286.00,249.00, 47.00, 40.00,189.00,233.00,222.00,232.00,289.00,236.00,141.00, 54.00,
26.750,218.00,292.00, 16.00, 16.00,282.00,316.00,298.00,286.00,302.00,255.00,178.00,246.00,270.00,279.00, 11.00, 15.00,275.00,296.00, 11.00, 12.00,341.00,326.00, 36.00, 65.00,294.00,242.00, 16.00,149.00,272.00,277.00, 12.00, 17.00,277.00,257.00,133.00, 44.00,297.00,279.00,270.00, 83.00,284.00,275.00, 14.00, 15.00,279.00,272.00,247.00, 87.00,294.00,266.00,169.00,251.00,273.00,266.00, 15.00, 12.00,276.00,285.00,225.00,150.00,300.00,284.00,116.00, 50.00,295.00,268.00,245.00, 30.00,274.00,248.00, 21.00, 48.00,269.00,255.00,184.00, 93.00,237.00,200.00,168.00, 18.00,236.00,250.00, 95.00, 37.00,286.00,249.00, 47.00, 40.00,189.00,236.00,222.00,232.00,289.00,237.00,141.00, 54.00,
27.000,218.00,293.00, 16.00, 16.00,282.00,316.00,298.00,287.00,304.00,259.00,178.00,246.00,270.00,279.00, 11.00, 15.00,276.00,298.00, 11.00, 12.00,341.00,327.00, 36.00, 65.00,294.00,242.00, 16.00,149.00,273.00,279.00, 12.00, 17.00,277.00,258.00,134.00, 44.00,297.00,279.00,270.00, 83.00,284.00,275.00, 14.00, 15.00,279.00,273.00,247.00, 87.00,294.00,266.00,169.00,251.00,273.00,267.00, 15.00, 12.00,276.00,285.00,227.00,150.00,300.00,284.00,116.00, 50.00,295.00,270.00,245.00, 30.00,276.00,249.00, 21.00, 48.00,272.00,255.00,184.00, 93.00,238.00,205.00,171.00, 18.00,236.00,251.00, 97.00, 37.00,286.00,249.00, 47.00, 40.00,189.00,237.00,222.00,235.00,289.00,240.00,141.00, 54.00,
27.250,218.00,293.00, 16.00, 16.00,282.00,316.00,298.00,287.00,304.00,259.00,178.00,246.00,270.00,279.00, 11.00, 15.00,276.00,298.00, 11.00, 12.00,341.00,327.00, 36.00, 65.00,294.00,246.00, 16.00,149.00,273.00,279.00, 12.00, 17.00,277.00,258.00,134.00, 44.00,297.00,279.00,270.00, 83.00,284.00,275.00, 14.00, 15.00,279.00,273.00,247.00, 87.00,294.00,266.00,169.00,251.00,273.00,267.00, 15.00, 12.00,276.00,285.00,227.00,150.00,300.00,284.00,116.00, 50.00,296.00,270.00,245.00, 30.00,276.00,249.00, 21.00, 48.00,272.00,257.00,184.00, 93.00,238.00,205.00,171.00, 18.00,236.00,251.00, 97.00, 37.00,286.00,251.00, 47.00, 40.00,189.00,237.00,222.00,235.00,289.00,240.00,141.00, 54.00,
27.500,218.00,293.00, 16.00, 16.00,282.00,317.00,298.00,287.00,304.00,260.00,178.00,246.00,270.00,279.00, 11.00, 15.00,276.00,298.00, 11.00, 12.00,341.00,327.00, 36.00, 65.00,294.00,246.00, 16.00,149.00,273.00,279.00, 12.00, 17.00,277.00,258.00,134.00, 44.00,297.00,279.00,270.00, 83.00,284.00,276.00, 14.00, 15.00,279.00,274.00,247.00, 87.00,294.00,266.00,169.00,251.00,273.00,267.00, 15.00, 12.00,276.00,286.00,227.00,150.00,300.00,284.00,116.00, 51.00,296.00,270.00,246.00, 30.00,276.00,250.00, 21.00, 48.00,272.00,257.00,184.00, 93.00,240.00,205.00,172.00, 18.00,236.00,251.00, 97.00, 37.00,286.00,251.00, 47.00, 40.00,189.00,237.00,222.00,235.00,289.00,240.00,141.00, 56.00,
27.750,218.00,293.00, 16.00, 16.00,282.00,317.00,298.00,287.00,304.00,263.00,178.00,246.00,270.00,280.00, 11.00, 15.00,276.00,298.00, 11.00, 12.00,342.00,327.00, 36.00, 65.00,294.00,252.00, 16.00,149.00,273.00,279.00, 12.00, 17.00,277.00,261.00,134.00, 44.00,298.00,279.00,270.00, 83.00,284.00,276.00, 14.00, 15.00,280.00,274.00,248.00, 88.00,294.00,266.00,169.00,251.00,273.00,267.00, 15.00, 12.00,276.00,286.00,229.00,150.00,302.00,284.00,121.00, 51.00,297.00,270.00,247.00, 30.00,276.00,251.00, 21.00, 48.00,272.00,260.00,184.00, 94.00,242.00,207.00,173.00, 18.00,237.00,251.00, 97.00, 37.00,286.00,253.00, 47.00, 41.00,194.00,237.00,223.00,236.00,290.00,242.00,142.00, 56.00,
28.000,218.00,293.00, 16.00, 16.00,282.00,317.00,298.00,287.00,304.00,263.00,178.00,246.00,270.00,280.00, 11.00, 15.00,276.00,298.00, 11.00, 12.00,342.00,327.00, 36.00, 65.00,294.00,256.00, 16.00,149.00,273.00,279.00, 12.00, 17.00,277.00,261.00,134.00, 44.00,298.00,280.00,272.00, 83.00,284.00,276.00, 14.00, 15.00,280.00,274.00,248.00, 88.00,296.00,268.00,169.00,251.00,273.00,267.00, 15.00, 12.00,276.00,286.00,229.00,150.00,302.00,284.00,126.00, 52.00,297.00,270.00,247.00, 30.00,276.00,251.00, 21.00, 48.00,272.00,260.00,187.00, 94.00,242.00,207.00,175.00, 18.00,238.00,251.00, 97.00, 37.00,286.00,257.00, 49.00, 42.00,194.00,237.00,225.00,236.00,290.00,242.00,142.00, 56.00,
28.250,218.00,293.00, 16.00, 16.00,282.00,317.00,298.00,287.00,304.00,263.00,178.00,246.00,270.00,280.00, 11.00, 15.00,276.00,298.00, 11.00, 12.00,342.00,327.00, 36.00, 65.00,294.00,256.00, 16.00,149.00,273.00,279.00, 12.00, 17.00,277.00,261.00,134.00, 44.00,298.00,280.00,272.00, 83.00,284.00,276.00, 14.00, 15.00,280.00,274.00,248.00, 88.00,296.00,268.00,169.00,251.00,273.00,267.00, 15.00, 12.00,276.00,286.00,229.00,150.00,302.00,284.00,126.00, 52.00,297.00,270.00,247.00, 30.00,276.00,251.00, 21.00, 48.00,272.00,260.00,187.00, 94.00,244.00,209.00,176.00, 18.00,238.00,251.00, 97.00, 37.00,286.00,257.00, 49.00, 42.00,194.00,238.00,225.00,236.00,290.00,243.00,142.00, 56.00,
28.500,218.00,293.00, 16.00, 16.00,282.00,317.00,298.00,287.00,304.00,263.00,178.00,246.00,270.00,280.00, 11.00, 15.00,276.00,298.00, 11.00, 12.00,342.00,327.00, 36.00, 65.00,294.00,257.00, 16.00,149.00,273.00,279.00, 12.00, 17.00,277.00,261.00,134.00, 44.00,298.00,281.00,272.00, 83.00,284.00,276.00, 14.00, 15.00,280.00,274.00,248.00, 88.00,296.00,268.00,169.00,251.00,273.00,267.00, 15.00, 12.00,276.00,286.00,229.00,150.00,302.00,285.00,126.00, 52.00,297.00,270.00,247.00, 30.00,276.00,251.00, 21.00, 48.00,272.00,260.00,187.00, 94.00,248.00,213.00,177.00, 18.00,238.00,251.00, 97.00, 37.00,286.00,257.00, 49.00, 42.00,194.00,239.00,225.00,237.00,290.00,245.00,144.00, 57.00,
28.750,218.00,293.00, 16.00, 16.00,282.00,317.00,298.00,287.00,304.00,263.00,178.00,246.00,270.00,280.00, 11.00, 15.00,276.00,298.00, 11.00, 12.00,342.00,327.00, 36.00, 65.00,294.00,259.00, 16.00,149.00,273.00,279.00, 12.00, 17.00,277.00,261.00,134.00, 44.00,298.00,281.00,272.00, 83.00,284.00,276.00, 14.00, 15.00,280.00,274.00,248.00, 88.00,296.00,268.00,169.00,251.00,273.00,267.00, 15.00, 12.00,276.00,286.00,229.00,150.00,302.00,285.00,126.00, 52.00,297.00,270.00,247.00, 30.00,276.00,251.00, 21.00, 48.00,272.00,262.00,187.00, 94.00,248.00,213.00,177.00, 18.00,238.00,251.00, 97.00, 37.00,286.00,257.00, 49.00, 42.00,194.00,239.00,225.00,237.00,290.00,245.00,144.00, 57.00,
29.000,218.00,293.00, 16.00, 16.00,282.00,317.00,298.00,287.00,304.00,263.00,178.00,246.00,270.00,280.00, 11.00, 15.00,276.00,298.00, 11.00, 12.00,342.00,327.00, 36.00, 65.00,294.00,259.00, 16.00,149.00,273.00,279.00, 12.00, 17.00,277.00,261.00,134.00, 44.00,298.00,281.00,272.00, 83.00,284.00,276.00, 14.00, 15.00,280.00,275.00,249.00, 88.00,296.00,268.00,169.00,251.00,273.00,267.00, 15.00, 12.00,276.00,286.00,229.00,150.00,302.00,285.00,126.00, 52.00,297.00,270.00,247.00, 30.00,276.00,251.00, 21.00, 48.00,272.00,262.00,187.00, 94.00,250.00,213.00,177.00, 18.00,238.00,251.00, 97.00, 37.00,286.00,257.00, 49.00, 42.00,194.00,239.00,225.00,237.00,290.00,245.00,144.00, 57.00,
29.250,218.00,293.00, 16.00, 16.00,282.00,317.00,298.00,287.00,304.00,263.00,178.00,246.00,270.00,280.00, 11.00, 15.00,276.00,298.00, 11.00, 12.00,342.00,329.00, 36.00, 65.00,294.00,261.00, 16.00,149.00,273.00,279.00, 12.00, 17.00,277.00,261.00,134.00, 44.00,298.00,281.00,272.00, 83.00,284.00,276.00, 14.00, 15.00,280.00,275.00,249.00, 88.00,296.00,268.00,169.00,251.00,273.00,267.00, 15.00, 12.00,276.00,286.00,229.00,150.00,302.00,285.00,126.00, 52.00,297.00,270.00,247.00, 30.00,276.00,251.00, 21.00, 48.00,272.00,262.00,188.00, 94.00,255.00,215.00,181.00, 18.00,238.00,251.00, 97.00, 37.00,286.00,257.00, 49.00, 42.00,194.00,240.00,225.00,237.00,290.00,247.00,144.00, 57.00,
29.500,218.00,293.00, 16.00, 16.00,282.00,317.00,298.00,287.00,304.00,263.00,178.00,246.00,270.00,280.00, 11.00, 15.00,276.00,298.00, 11.00, 12.00,342.00,329.00, 36.00, 65.00,294.00,262.00, 16.00,149.00,273.00,279.00, 12.00, 17.00,277.00,261.00,134.00, 44.00,298.00,281.00,272.00, 83.00,284.00,276.00, 14.00, 15.00,280.00,275.00,249.00, 88.00,296.00,268.00,169.00,251.00,273.00,267.00, 15.00, 12.00,276.00,286.00,230.00,150.00,302.00,285.00,126.00, 52.00,297.00,270.00,247.00, 30.00,276.00,251.00, 21.00, 48.00,272.00,264.00,188.00, 94.00,255.00,215.00,181.00, 18.00,238.00,251.00, 97.00, 37.00,286.00,257.00, 49.00, 42.00,194.00,243.00,225.00,237.00,290.00,247.00,144.00, 57.00,
29.750,218.00,293.00, 16.00, 16.00,282.00,317.00,298.00,287.00,304.00,263.00,178.00,246.00,270.00,280.00, 11.00, 15.00,276.00,298.00, 11.00, 12.00,343.00,329.00, 36.00, 65.00,294.00,264.00, 16.00,149.00,273.00,279.00, 12.00, 17.00,277.00,261.00,134.00, 44.00,298.00,281.00,272.00, 83.00,285.00,276.00, 14.00, 15.00,280.00,275.00,252.00, 88.00,296.00,268.00,169.00,251.00,273.00,267.00, 15.00, 12.00,276.00,288.00,230.00,150.00,302.00,285.00,126.00, 52.00,297.00,270.00,248.00, 30.00,276.00,252.00, 21.00, 48.00,273.00,264.00,188.00, 94.00,257.00,217.00,183.00, 18.00,238.00,252.00, 97.00, 37.00,286.00,257.00, 49.00, 42.00,194.00,244.00,225.00,237.00,290.00,249.00,144.00, 57.00,
30.000,218.00,293.00, 16.00, 16.00,282.00,317.00,298.00,287.00,304.00,263.00,178.00,246.00,270.00,280.00, 11.00, 15.00,276.00,298.00, 11.00, 12.00,343.00,329.00, 36.00, 65.00,294.00,266.00, 16.00,149.00,273.00,279.00, 12.00, 17.00,277.00,261.00,134.00, 44.00,298.00,281.00,272.00, 83.00,285.00,276.00, 14.00, 15.00,280.00,275.00,252.00, 88.00,296.00,268.00,169.00,251.00,273.00,267.00, 15.00, 12.00,276.00,288.00,231.00,151.00,302.00,285.00,126.00, 52.00,297.00,270.00,250.00, 30.00,276.00,252.00, 21.00, 48.00,273.00,265.00,188.00, 94.00,259.00,217.00,183.00, 18.00,238.00,252.00, 97.00, 37.00,286.00,257.00, 49.00, 42.00,194.00,245.00,225.00,238.00,290.00,250.00,144.00, 57.00,
30.250,218.00,293.00, 16.00, 16.00,282.00,317.00,298.00,287.00,304.00,263.00,178.00,246.00,270.00,280.00, 11.00, 15.00,276.00,298.00, 11.00, 12.00,343.00,329.00, 36.00, 65.00,294.00,267.00, 16.00,149.00,273.00,279.00, 12.00, 17.00,277.00,261.00,134.00, 44.00,298.00,281.00,272.00, 83.00,285.00,276.00, 14.00, 15.00,280.00,277.00,252.00, 88.00,296.00,268.00,169.00,251.00,273.00,267.00, 15.00, 12.00,276.00,288.00,231.00,151.00,302.00,285.00,126.00, 52.00,297.00,270.00,250.00, 30.00,276.00,253.00, 21.00, 48.00,273.00,265.00,188.00, 94.00,260.00,218.00,185.00, 18.00,238.00,252.00, 97.00, 37.00,286.00,257.00, 49.00, 42.00,195.00,245.00,225.00,240.00,290.00,251.00,144.00, 59.00,
30.500,218.00,293.00, 16.00, 16.00,282.00,317.00,298.00,287.00,304.00,263.00,178.00,246.00,270.00,280.00, 11.00, 15.00,276.00,298.00, 11.00, 12.00,343.00,329.00, 36.00, 65.00,294.00,268.00, 16.00,149.00,273.00,279.00, 12.00, 17.00,277.00,261.00,134.00, 44.00,298.00,281.00,272.00, 83.00,285.00,276.00, 14.00, 15.00,280.00,277.00,252.00, 88.00,296.00,268.00,169.00,251.00,273.00,267.00, 15.00, 12.00,276.00,288.00,231.00,151.00,302.00,285.00,126.00, 52.00,297.00,270.00,250.00, 30.00,276.00,253.00, 21.00, 48.00,273.00,265.00,188.00, 94.00,260.00,218.00,185.00, 18.00,238.00,252.00, 97.00, 37.00,286.00,257.00, 49.00, 42.00,195.00,245.00,225.00,240.00,290.00,251.00,144.00, 59.00,
30.750,218.00,293.00, 16.00, 16.00,282.00,317.00,298.00,287.00,304.00,265.00,178.00,246.00,270.00,280.00, 11.00, 15.00,276.00,298.00, 11.00, 12.00,343.00,329.00, 36.00, 65.00,294.00,268.00, 16.00,149.00,273.00,279.00, 12.00, 17.00,277.00,261.00,134.00, 44.00,298.00,281.00,272.00, 83.00,285.00,276.00, 14.00, 15.00,280.00,277.00,252.00, 88.00,296.00,268.00,169.00,251.00,273.00,267.00, 15.00, 12.00,276.00,288.00,231.00,151.00,302.00,285.00,126.00, 52.00,297.00,270.00,250.00, 30.00,277.00,253.00, 21.00, 48.00,273.00,265.00,188.00, 95.00,262.00,221.00,187.00, 18.00,238.00,253.00, 97.00, 37.00,286.00,257.00, 49.00, 42.00,195.00,246.00,226.00,240.00,290.00,252.00,144.00, 59.00,
31.000,218.00,293.00, 16.00, 16.00,282.00,317.00,298.00,287.00,304.00,267.00,178.00,246.00,270.00,280.00, 11.00, 15.00,276.00,298.00, 11.00, 12.00,343.00,329.00, 36.00, 65.00,294.00,271.00, 16.00,149.00,273.00,280.00, 12.00, 17.00,277.00,261.00,134.00, 44.00,298.00,281.00,272.00, 83.00,285.00,276.00, 14.00, 15.00,280.00,277.00,252.00, 88.00,296.00,268.00,169.00,251.00,273.00,267.00, 15.00, 12.00,276.00,289.00,231.00,151.00,302.00,285.00,128.00, 52.00,297.00,270.00,251.00, 30.00,278.00,253.00, 21.00, 48.00,273.00,265.00,188.00, 95.00,265.00,223.00,189.00, 18.00,238.00,253.00, 97.00, 37.00,286.00,257.00, 49.00, 42.00,195.00,248.00,226.00,240.00,290.00,252.00,144.00, 59.00,
31.250,218.00,293.00, 16.00, 16.00,282.00,317.00,298.00,287.00,304.00,267.00,178.00,246.00,270.00,280.00, 11.00, 15.00,276.00,298.00, 11.00, 12.00,343.00,329.00, 36.00, 65.00,294.00,273.00, 16.00,149.00,273.00,280.00, 12.00, 17.00,277.00,261.00,134.00, 44.00,298.00,281.00,272.00, 83.00,285.00,276.00, 14.00, 15.00,280.00,277.00,252.00, 88.00,296.00,268.00,169.00,251.00,273.00,267.00, 15.00, 12.00,277.00,289.00,232.00,151.00,302.00,285.00,128.00, 52.00,298.00,270.00,251.00, 30.00,278.00,253.00, 21.00, 48.00,273.00,265.00,188.00, 95.00,265.00,223.00,190.00, 18.00,238.00,254.00, 97.00, 37.00,286.00,257.00, 49.00, 42.00,195.00,249.00,226.00,240.00,290.00,253.00,144.00, 59.00,
31.500,218.00,293.00, 16.00, 16.00,282.00,317.00,298.00,287.00,304.00,267.00,178.00,246.00,270.00,280.00, 11.00, 15.00,276.00,298.00, 11.00, 12.00,343.00,329.00, 36.00, 65.00,294.00,274.00, 16.00,149.00,273.00,280.00, 12.00, 17.00,277.00,261.00,134.00, 44.00,298.00,281.00,272.00, 83.00,287.00,276.00, 14.00, 15.00,280.00,277.00,255.00, 88.00,296.00,268.00,169.00,251.00,273.00,267.00, 15.00, 12.00,277.00,290.00,232.00,151.00,302.00,285.00,128.00, 52.00,298.00,270.00,251.00, 30.00,278.00,254.00, 21.00, 48.00,273.00,265.00,188.00, 95.00,265.00,223.00,191.00, 18.00,238.00,254.00, 97.00, 37.00,286.00,257.00, 49.00, 42.00,195.00,250.00,226.00,240.00,290.00,254.00,144.00, 59.00,
31.750,218.00,293.00, 16.00, 16.00,282.00,317.00,298.00,287.00,304.00,267.00,178.00,246.00,270.00,280.00, 11.00, 15.00,276.00,298.00, 11.00, 12.00,343.00,329.00, 36.00, 65.00,294.00,276.00, 16.00,149.00,274.00,280.00, 12.00, 17.00,277.00,261.00,134.00, 44.00,298.00,281.00,272.00, 83.00,287.00,276.00, 14.00, 15.00,280.00,277.00,255.00, 88.00,296.00,269.00,169.00,251.00,273.00,269.00, 15.00, 12.00,277.00,290.00,232.00,152.00,302.00,285.00,130.00, 52.00,298.00,270.00,251.00, 30.00,278.00,255.00, 21.00, 48.00,273.00,270.00,189.00, 95.00,269.00,223.00,192.00, 18.00,238.00,255.00, 97.00, 37.00,286.00,259.00, 49.00, 42.00,197.00,250.00,226.00,241.00,290.00,254.00,145.00, 59.00,
32.000,218.00,293.00, 16.00, 16.00,282.00,317.00,298.00,287.00,304.00,267.00,178.00,246.00,270.00,280.00, 11.00, 15.00,276.00,298.00, 11.00, 12.00,343.00,330.00, 36.00, 65.00,294.00,278.00, 16.00,149.00,274.00,281.00, 12.00, 17.00,277.00,261.00,134.00, 44.00,298.00,281.00,272.00, 83.00,287.00,276.00, 14.00, 15.00,280.00,277.00,255.00, 88.00,296.00,269.00,169.00,251.00,275.00,271.00, 15.00, 12.00,277.00,290.00,232.00,152.00,303.00,285.00,133.00, 52.00,299.00,270.00,251.00, 30.00,278.00,255.00, 21.00, 48.00,274.00,270.00,189.00, 95.00,269.00,224.00,192.00, 18.00,240.00,255.00, 97.00, 37.00,286.00,259.00, 49.00, 42.00,200.00,250.00,227.00,241.00,290.00,254.00,145.00, 59.00,
32.250,218.00,293.00, 16.00, 16.00,282.00,317.00,298.00,287.00,304.00,270.00,178.00,246.00,270.00,280.00, 11.00, 15.00,276.00,300.00, 11.00, 12.00,343.00,331.00, 36.00, 65.00,294.00,279.00, 16.00,149.00,274.00,282.00, 12.00, 17.00,277.00,262.00,134.00, 44.00,298.00,282.00,272.00, 83.00,287.00,277.00, 14.00, 15.00,280.00,278.00,255.00, 88.00,296.00,269.00,169.00,251.00,275.00,271.00, 15.00, 12.00,280.00,290.00,232.00,152.00,303.00,287.00,136.00, 52.00,299.00,270.00,252.00, 30.00,279.00,255.00, 21.00, 48.00,275.00,270.00,195.00, 97.00,271.00,230.00,196.00, 18.00,240.00,255.00, 97.00, 37.00,286.00,259.00, 49.00, 42.00,200.00,251.00,227.00,242.00,290.00,255.00,145.00, 60.00,
32.500,218.00,294.00, 16.00, 16.00,282.00,317.00,298.00,287.00,304.00,270.00,178.00,246.00,270.00,280.00, 11.00, 15.00,276.00,300.00, 11.00, 12.00,343.00,331.00, 36.00, 65.00,294.00,279.00, 16.00,149.00,274.00,282.00, 12.00, 17.00,277.00,262.00,134.00, 44.00,298.00,282.00,272.00, 83.00,287.00,277.00, 14.00, 15.00,280.00,278.00,255.00, 88.00,296.00,269.00,169.00,251.00,275.00,271.00, 15.00, 12.00,280.00,290.00,233.00,152.00,303.00,287.00,136.00, 52.00,299.00,270.00,252.00, 30.00,279.00,255.00, 21.00, 48.00,275.00,270.00,195.00, 97.00,271.00,230.00,196.00, 18.00,240.00,255.00, 97.00, 37.00,286.00,259.00, 49.00, 42.00,200.00,252.00,227.00,242.00,290.00,255.00,145.00, 60.00,
32.750,218.00,294.00, 16.00, 16.00,282.00,317.00,298.00,287.00,304.00,270.00,178.00,246.00,270.00,280.00, 11.00, 15.00,276.00,300.00, 11.00, 12.00,343.00,331.00, 36.00, 65.00,294.00,281.00, 16.00,149.00,274.00,282.00, 12.00, 17.00,277.00,262.00,134.00, 44.00,298.00,282.00,272.00, 83.00,287.00,277.00, 14.00, 15.00,280.00,280.00,256.00, 88.00,296.00,269.00,169.00,251.00,275.00,271.00, 15.00, 12.00,280.00,292.00,234.00,154.00,303.00,287.00,136.00, 52.00,300.00,270.00,252.00, 30.00,279.00,255.00, 21.00, 48.00,275.00,270.00,195.00, 97.00,272.00,230.00,198.00, 18.00,240.00,255.00, 97.00, 37.00,286.00,259.00, 49.00, 42.00,200.00,252.00,227.00,242.00,290.00,257.00,145.00, 60.00,
33.000,218.00,295.00, 16.00, 16.00,282.00,317.00,298.00,287.00,304.00,270.00,178.00,246.00,270.00,280.00, 11.00, 15.00,276.00,300.00, 11.00, 12.00,343.00,331.00, 36.00, 65.00,294.00,284.00, 16.00,149.00,274.00,282.00, 12.00, 17.00,277.00,262.00,134.00, 44.00,298.00,282.00,273.00, 83.00,287.00,277.00, 14.00, 15.00,280.00,280.00,256.00, 88.00,297.00,269.00,169.00,251.00,275.00,271.00, 15.00, 12.00,280.00,292.00,234.00,154.00,303.00,287.00,139.00, 52.00,300.00,270.00,252.00, 30.00,279.00,255.00, 21.00, 48.00,275.00,270.00,195.00, 98.00,272.00,230.00,198.00, 18.00,240.00,255.00, 97.00, 37.00,286.00,259.00, 49.00, 42.00,201.00,252.00,228.00,242.00,290.00,257.00,145.00, 60.00,
33.250,218.00,295.00, 16.00, 16.00,282.00,317.00,298.00,287.00,304.00,270.00,178.00,246.00,270.00,280.00, 11.00, 15.00,277.00,300.00, 11.00, 12.00,343.00,331.00, 36.00, 65.00,294.00,284.00, 16.00,149.00,274.00,282.00, 12.00, 17.00,277.00,262.00,134.00, 44.00,298.00,282.00,273.00, 83.00,287.00,277.00, 14.00, 15.00,280.00,280.00,257.00, 88.00,297.00,269.00,169.00,251.00,275.00,271.00, 15.00, 12.00,280.00,292.00,234.00,154.00,303.00,287.00,139.00, 52.00,300.00,270.00,252.00, 30.00,279.00,255.00, 21.00, 48.00,275.00,270.00,195.00, 98.00,272.00,231.00,200.00, 18.00,240.00,256.00, 97.00, 37.00,286.00,259.00, 49.00, 42.00,201.00,252.00,228.00,243.00,290.00,257.00,145.00, 60.00,
33.500,218.00,295.00, 16.00, 16.00,282.00,317.00,298.00,287.00,305.00,270.00,178.00,246.00,270.00,280.00, 11.00, 15.00,277.00,300.00, 11.00, 12.00,343.00,332.00, 36.00, 65.00,294.00,284.00, 16.00,149.00,274.00,282.00, 12.00, 17.00,277.00,263.00,134.00, 44.00,298.00,282.00,273.00, 83.00,287.00,277.00, 14.00, 15.00,280.00,280.00,257.00, 88.00,297.00,269.00,169.00,251.00,275.00,272.00, 15.00, 12.00,280.00,292.00,234.00,154.00,303.00,287.00,139.00, 52.00,300.00,271.00,254.00, 30.00,280.00,255.00, 21.00, 48.00,275.00,270.00,195.00, 98.00,273.00,232.00,200.00, 18.00,240.00,256.00, 97.00, 37.00,286.00,259.00, 49.00, 42.00,201.00,252.00,228.00,245.00,290.00,259.00,145.00, 60.00,
33.750,218.00,295.00, 16.00, 16.00,282.00,317.00,298.00,287.00,306.00,272.00,178.00,246.00,270.00,280.00, 11.00, 15.00,277.00,300.00, 11.00, 12.00,344.00,333.00, 36.00, 65.00,297.00,284.00, 16.00,149.00,275.00,283.00, 12.00, 17.00,277.00,264.00,134.00, 44.00,298.00,283.00,273.00, 83.00,289.00,278.00, 14.00, 15.00,281.00,281.00,258.00, 88.00,297.00,271.00,169.00,251.00,275.00,273.00, 15.00, 12.00,280.00,292.00,235.00,156.00,303.00,289.00,141.00, 52.00,301.00,272.00,256.00, 30.00,283.00,258.00, 21.00, 48.00,275.00,270.00,199.00,101.00,277.00,235.00,206.00, 18.00,240.00,259.00, 97.00, 37.00,286.00,259.00, 49.00, 42.00,201.00,255.00,231.00,245.00,290.00,259.00,145.00, 61.00,
34.000,218.00,295.00, 16.00, 16.00,282.00,317.00,298.00,287.00,306.00,272.00,178.00,246.00,270.00,280.00, 11.00, 15.00,277.00,300.00, 11.00, 12.00,344.00,333.00, 36.00, 65.00,297.00,285.00, 16.00,149.00,275.00,283.00, 12.00, 17.00,277.00,264.00,134.00, 44.00,298.00,283.00,273.00, 83.00,289.00,278.00, 14.00, 15.00,281.00,281.00,258.00, 88.00,297.00,271.00,169.00,251.00,275.00,273.00, 15.00, 12.00,280.00,292.00,235.00,156.00,303.00,289.00,141.00, 52.00,301.00,272.00,256.00, 30.00,283.00,258.00, 21.00, 48.00,275.00,270.00,199.00,101.00,277.00,235.00,206.00, 18.00,241.00,259.00, 97.00, 37.00,286.00,259.00, 49.00, 42.00,201.00,255.00,231.00,245.00,290.00,259.00,145.00, 61.00,
34.250,218.00,296.00, 16.00, 16.00,282.00,317.00,298.00,287.00,306.00,272.00,178.00,246.00,270.00,280.00, 11.00, 15.00,277.00,300.00, 11.00, 12.00,344.00,333.00, 36.00, 65.00,297.00,285.00, 16.00,149.00,275.00,283.00, 12.00, 17.00,277.00,264.00,134.00, 44.00,298.00,283.00,273.00, 83.00,289.00,278.00, 14.00, 15.00,281.00,281.00,260.00, 88.00,297.00,271.00,169.00,251.00,275.00,273.00, 15.00, 12.00,280.00,292.00,235.00,156.00,303.00,289.00,141.00, 52.00,302.00,272.00,256.00, 30.00,283.00,258.00, 21.00, 48.00,275.00,270.00,199.00,101.00,277.00,235.00,206.00, 18.00,241.00,259.00, 97.00, 37.00,286.00,259.00, 49.00, 42.00,201.00,255.00,231.00,245.00,290.00,260.00,145.00, 61.00,
34.500,218.00,296.00, 16.00, 16.00,282.00,317.00,298.00,287.00,306.00,273.00,178.00,246.00,270.00,280.00, 11.00, 15.00,277.00,300.00, 11.00, 12.00,344.00,333.00, 36.00, 65.00,297.00,287.00, 16.00,149.00,276.00,284.00, 12.00, 17.00,277.00,264.00,134.00, 44.00,298.00,283.00,273.00, 83.00,289.00,278.00, 14.00, 15.00,281.00,282.00,260.00, 88.00,297.00,271.00,169.00,251.00,276.00,273.00, 15.00, 12.00,280.00,292.00,237.00,156.00,305.00,289.00,142.00, 52.00,302.00,272.00,257.00, 30.00,283.00,258.00, 21.00, 48.00,275.00,270.00,201.00,104.00,277.00,238.00,206.00, 18.00,241.00,259.00, 97.00, 37.00,286.00,259.00, 49.00, 42.00,202.00,255.00,231.00,245.00,290.00,261.00,145.00, 61.00,
34.750,218.00,296.00, 16.00, 16.00,282.00,317.00,298.00,287.00,306.00,273.00,178.00,246.00,270.00,280.00, 11.00, 15.00,277.00,300.00, 11.00, 12.00,344.00,333.00, 36.00, 65.00,297.00,287.00, 16.00,149.00,276.00,284.00, 12.00, 17.00,277.00,264.00,134.00, 44.00,298.00,283.00,273.00, 83.00,289.00,278.00, 14.00, 15.00,281.00,282.00,260.00, 88.00,297.00,271.00,169.00,251.00,276.00,274.00, 15.00, 12.00,280.00,292.00,237.00,156.00,305.00,289.00,142.00, 52.00,302.00,272.00,257.00, 30.00,283.00,258.00, 21.00, 48.00,275.00,271.00,201.00,104.00,277.00,238.00,207.00, 18.00,241.00,259.00, 97.00, 37.00,286.00,259.00, 49.00, 42.00,202.00,256.00,231.00,245.00,290.00,261.00,145.00, 61.00,
35.000,218.00,296.00, 16.00, 16.00,282.00,317.00,298.00,287.00,306.00,273.00,178.00,246.00,270.00,280.00, 11.00, 15.00,277.00,300.00, 11.00, 12.00,344.00,333.00, 36.00, 65.00,297.00,288.00, 16.00,149.00,276.00,284.00, 12.00, 17.00,277.00,264.00,134.00, 44.00,299.00,283.00,275.00, 83.00,290.00,279.00, 14.00, 15.00,281.00,282.00,260.00, 88.00,297.00,271.00,169.00,251.00,276.00,276.00, 15.00, 12.00,280.00,292.00,237.00,156.00,305.00,289.00,145.00, 52.00,302.00,272.00,257.00, 30.00,283.00,258.00, 21.00, 48.00,275.00,271.00,202.00,104.00,277.00,239.00,210.00, 18.00,242.00,259.00, 97.00, 37.00,286.00,260.00, 49.00, 42.00,204.00,256.00,231.00,246.00,290.00,261.00,145.00, 61.00,
35.250,218.00,296.00, 16.00, 16.00,282.00,317.00,298.00,287.00,306.00,273.00,178.00,246.00,270.00,280.00, 11.00, 15.00,277.00,300.00, 11.00, 12.00,344.00,334.00, 36.00, 65.00,297.00,288.00, 16.00,149.00,276.00,284.00, 12.00, 17.00,277.00,264.00,134.00, 44.00,299.00,283.00,275.00, 83.00,290.00,279.00, 14.00, 15.00,281.00,282.00,260.00, 88.00,297.00,271.00,169.00,251.00,276.00,276.00, 15.00, 12.00,280.00,292.00,237.00,156.00,305.00,289.00,145.00, 52.00,302.00,272.00,257.00, 30.00,283.00,258.00, 21.00, 48.00,275.00,271.00,202.00,105.00,278.00,239.00,210.00, 18.00,242.00,259.00, 97.00, 37.00,286.00,260.00, 49.00, 42.00,204.00,256.00,231.00,246.00,291.00,261.00,145.00, 61.00,
35.500,218.00,296.00, 16.00, 16.00,282.00,317.00,298.00,287.00,306.00,273.00,178.00,246.00,270.00,280.00, 11.00, 15.00,277.00,300.00, 11.00, 12.00,344.00,334.00, 36.00, 65.00,297.00,288.00, 16.00,149.00,276.00,284.00, 12.00, 17.00,277.00,264.00,134.00, 44.00,299.00,283.00,275.00, 83.00,290.00,279.00, 14.00, 15.00,281.00,282.00,260.00, 88.00,297.00,271.00,169.00,251.00,276.00,276.00, 15.00, 12.00,280.00,292.00,237.00,156.00,305.00,289.00,145.00, 52.00,302.00,272.00,257.00, 30.00,283.00,258.00, 21.00, 48.00,275.00,271.00,202.00,105.00,278.00,239.00,210.00, 18.00,242.00,259.00, 97.00, 37.00,286.00,260.00, 49.00, 42.00,204.00,256.00,231.00,246.00,291.00,261.00,145.00, 61.00,
35.750,218.00,296.00, 16.00, 16.00,282.00,317.00,298.00,287.00,306.00,276.00,178.00,246.00,270.00,281.00, 11.00, 15.00,277.00,300.00, 11.00, 12.00,344.00,334.00, 36.00, 65.00,297.00,289.00, 16.00,149.00,276.00,284.00, 12.00, 17.00,277.00,264.00,134.00, 44.00,299.00,283.00,275.00, 83.00,290.00,279.00, 14.00, 15.00,281.00,283.00,261.00, 88.00,297.00,271.00,169.00,251.00,276.00,276.00, 15.00, 12.00,282.00,293.00,237.00,156.00,305.00,289.00,145.00, 52.00,302.00,272.00,257.00, 30.00,283.00,258.00, 21.00, 48.00,275.00,271.00,202.00,108.00,278.00,242.00,214.00, 18.00,242.00,259.00, 97.00, 37.00,286.00,260.00, 49.00, 42.00,204.00,256.00,231.00,248.00,291.00,262.00,145.00, 61.00,
36.000,218.00,296.00, 16.00, 16.00,282.00,317.00,298.00,287.00,306.00,276.00,178.00,246.00,270.00,281.00, 11.00, 15.00,277.00,300.00, 11.00, 12.00,344.00,334.00, 36.00, 65.00,297.00,289.00, 16.00,149.00,276.00,284.00, 12.00, 17.00,277.00,264.00,134.00, 44.00,299.00,283.00,275.00, 83.00,290.00,279.00, 14.00, 15.00,281.00,283.00,261.00, 88.00,297.00,271.00,169.00,251.00,276.00,276.00, 15.00, 12.00,282.00,293.00,237.00,156.00,305.00,289.00,146.00, 52.00,302.00,272.00,257.00, 30.00,283.00,259.00, 21.00, 48.00,275.00,272.00,202.00,109.00,278.00,242.00,215.00, 18.00,242.00,259.00, 97.00, 37.00,286.00,260.00, 49.00, 42.00,205.00,256.00,232.00,248.00,291.00,262.00,145.00, 61.00,
36.250,218.00,296.00, 16.00, 16.00,282.00,317.00,299.00,287.00,306.00,276.00,178.00,246.00,270.00,281.00, 11.00, 15.00,279.00,301.00, 11.00, 12.00,344.00,334.00, 36.00, 65.00,297.00,289.00, 16.00,149.00,277.00,286.00, 12.00, 17.00,277.00,265.00,134.00, 44.00,299.00,284.00,275.00, 83.00,290.00,279.00, 14.00, 15.00,281.00,285.00,261.00, 88.00,297.00,272.00,169.00,251.00,276.00,276.00, 15.00, 12.00,282.00,293.00,237.00,156.00,305.00,291.00,147.00, 52.00,302.00,272.00,257.00, 30.00,284.00,259.00, 21.00, 48.00,276.00,272.00,207.00,110.00,280.00,248.00,217.00, 18.00,243.00,259.00, 97.00, 37.00,286.00,260.00, 49.00, 42.00,205.00,256.00,232.00,248.00,291.00,264.00,145.00, 61.00,
36.500,218.00,296.00, 16.00, 16.00,282.00,317.00,299.00,287.00,306.00,276.00,178.00,246.00,271.00,281.00, 11.00, 15.00,279.00,301.00, 11.00, 12.00,344.00,335.00, 36.00, 65.00,297.00,291.00, 16.00,149.00,277.00,286.00, 12.00, 17.00,278.00,265.00,134.00, 44.00,299.00,284.00,275.00, 83.00,290.00,279.00, 14.00, 15.00,281.00,285.00,261.00, 88.00,297.00,272.00,169.00,251.00,276.00,276.00, 15.00, 12.00,282.00,294.00,237.00,156.00,305.00,291.00,148.00, 54.00,303.00,272.00,257.00, 30.00,284.00,262.00, 21.00, 48.00,276.00,273.00,207.00,111.00,280.00,248.00,217.00, 18.00,243.00,260.00, 97.00, 37.00,286.00,260.00, 49.00, 42.00,205.00,256.00,233.00,248.00,291.00,264.00,145.00, 62.00,
36.750,218.00,298.00, 16.00, 16.00,282.00,317.00,299.00,287.00,307.00,276.00,178.00,246.00,271.00,281.00, 11.00, 15.00,279.00,301.00, 11.00, 12.00,344.00,335.00, 36.00, 65.00,297.00,291.00, 16.00,149.00,277.00,286.00, 12.00, 17.00,278.00,265.00,134.00, 44.00,299.00,284.00,275.00, 83.00,291.00,279.00, 14.00, 15.00,281.00,285.00,263.00, 88.00,297.00,273.00,169.00,251.00,276.00,276.00, 15.00, 12.00,282.00,294.00,238.00,156.00,305.00,291.00,148.00, 54.00,303.00,272.00,259.00, 30.00,284.00,262.00, 21.00, 48.00,276.00,273.00,207.00,113.00,280.00,251.00,220.00, 18.00,243.00,260.00, 97.00, 37.00,286.00,260.00, 49.00, 42.00,205.00,259.00,233.00,248.00,291.00,264.00,145.00, 62.00,
37.000,218.00,298.00, 16.00, 16.00,282.00,317.00,299.00,287.00,307.00,278.00,178.00,246.00,271.00,281.00, 11.00, 15.00,279.00,303.00, 11.00, 12.00,344.00,335.00, 36.00, 65.00,297.00,292.00, 16.00,149.00,280.00,286.00, 12.00, 17.00,278.00,265.00,134.00, 44.00,299.00,285.00,277.00, 83.00,291.00,279.00, 14.00, 15.00,282.00,285.00,263.00, 88.00,298.00,273.00,169.00,251.00,276.00,279.00, 15.00, 12.00,283.00,294.00,238.00,156.00,305.00,291.00,153.00, 54.00,303.00,274.00,260.00, 30.00,284.00,262.00, 21.00, 48.00,276.00,273.00,210.00,116.00,281.00,253.00,220.00, 18.00,243.00,261.00, 97.00, 37.00,286.00,260.00, 49.00, 42.00,206.00,259.00,233.00,248.00,291.00,265.00,145.00, 62.00,
37.250,218.00,298.00, 16.00, 16.00,282.00,317.00,299.00,287.00,307.00,278.00,178.00,246.00,271.00,281.00, 11.00, 15.00,279.00,303.00, 11.00, 12.00,344.00,335.00, 36.00, 65.00,297.00,292.00, 16.00,149.00,280.00,286.00, 12.00, 17.00,278.00,265.00,134.00, 44.00,299.00,285.00,277.00, 83.00,291.00,279.00, 14.00, 15.00,282.00,285.00,263.00, 88.00,298.00,273.00,169.00,251.00,276.00,279.00, 15.00, 12.00,283.00,294.00,238.00,156.00,305.00,291.00,153.00, 54.00,303.00,274.00,260.00, 30.00,284.00,262.00, 21.00, 48.00,276.00,273.00,210.00,116.00,281.00,254.00,220.00, 18.00,243.00,261.00, 97.00, 37.00,286.00,260.00, 49.00, 42.00,206.00,259.00,233.00,248.00,291.00,265.00,145.00, 62.00,
37.500,218.00,298.00, 16.00, 16.00,282.00,317.00,299.00,287.00,307.00,278.00,178.00,246.00,271.00,281.00, 11.00, 15.00,279.00,303.00, 11.00, 12.00,344.00,335.00, 36.00, 65.00,298.00,292.00, 16.00,149.00,280.00,286.00, 12.00, 17.00,278.00,265.00,134.00, 44.00,299.00,285.00,277.00, 83.00,291.00,279.00, 14.00, 15.00,282.00,285.00,263.00, 88.00,299.00,273.00,169.00,251.00,276.00,279.00, 15.00, 12.00,283.00,294.00,238.00,156.00,305.00,291.00,153.00, 54.00,303.00,274.00,260.00, 30.00,284.00,262.00, 21.00, 48.00,276.00,273.00,210.00,116.00,281.00,255.00,221.00, 18.00,244.00,261.00, 97.00, 37.00,286.00,260.00, 49.00, 42.00,206.00,259.00,233.00,248.00,291.00,265.00,145.00, 62.00,
37.750,218.00,298.00, 16.00, 16.00,282.00,317.00,299.00,287.00,307.00,278.00,178.00,246.00,271.00,283.00, 11.00, 15.00,279.00,303.00, 11.00, 12.00,344.00,335.00, 36.00, 65.00,298.00,292.00, 17.00,149.00,280.00,286.00, 12.00, 17.00,279.00,265.00,134.00, 44.00,299.00,285.00,277.00, 83.00,291.00,279.00, 14.00, 15.00,282.00,286.00,265.00, 88.00,299.00,273.00,169.00,251.00,278.00,279.00, 15.00, 12.00,283.00,294.00,241.00,157.00,305.00,291.00,153.00, 54.00,303.00,274.00,260.00, 30.00,284.00,262.00, 21.00, 48.00,276.00,273.00,210.00,117.00,281.00,258.00,224.00, 18.00,244.00,261.00, 97.00, 37.00,286.00,260.00, 49.00, 42.00,206.00,259.00,234.00,249.00,291.00,265.00,145.00, 62.00,
38.000,218.00,298.00, 16.00, 16.00,282.00,317.00,301.00,287.00,307.00,278.00,178.00,246.00,271.00,283.00, 11.00, 15.00,279.00,303.00, 11.00, 12.00,345.00,335.00, 36.00, 65.00,298.00,292.00, 17.00,149.00,280.00,287.00, 12.00, 17.00,280.00,266.00,134.00, 44.00,299.00,285.00,277.00, 83.00,292.00,280.00, 14.00, 15.00,282.00,286.00,265.00, 88.00,299.00,274.00,169.00,251.00,278.00,279.00, 15.00, 12.00,283.00,295.00,241.00,157.00,307.00,291.00,153.00, 54.00,303.00,274.00,260.00, 30.00,284.00,263.00, 21.00, 48.00,277.00,275.00,210.00,119.00,281.00,260.00,225.00, 18.00,244.00,262.00, 97.00, 37.00,286.00,260.00, 49.00, 42.00,206.00,259.00,234.00,249.00,291.00,265.00,145.00, 62.00,
38.250,218.00,298.00, 16.00, 16.00,282.00,317.00,301.00,287.00,307.00,278.00,178.00,246.00,273.00,283.00, 11.00, 15.00,279.00,303.00, 11.00, 12.00,345.00,335.00, 36.00, 65.00,298.00,292.00, 17.00,149.00,280.00,287.00, 12.00, 17.00,280.00,266.00,134.00, 44.00,299.00,285.00,277.00, 83.00,292.00,280.00, 14.00, 15.00,282.00,286.00,265.00, 88.00,299.00,275.00,169.00,251.00,278.00,280.00, 15.00, 12.00,283.00,295.00,241.00,157.00,307.00,291.00,153.00, 54.00,304.00,274.00,260.00, 30.00,284.00,263.00, 21.00, 48.00,277.00,275.00,210.00,119.00,281.00,263.00,227.00, 18.00,244.00,262.00, 97.00, 37.00,286.00,260.00, 49.00, 42.00,206.00,259.00,234.00,250.00,291.00,265.00,145.00, 62.00,
38.500,218.00,298.00, 16.00, 16.00,282.00,317.00,301.00,287.00,307.00,278.00,178.00,246.00,273.00,283.00, 11.00, 15.00,279.00,303.00, 11.00, 12.00,345.00,335.00, 36.00, 65.00,298.00,293.00, 17.00,149.00,280.00,287.00, 12.00, 17.00,280.00,266.00,134.00, 44.00,299.00,285.00,277.00, 83.00,292.00,280.00, 14.00, 15.00,282.00,286.00,265.00, 88.00,299.00,275.00,169.00,251.00,278.00,280.00, 15.00, 12.00,283.00,295.00,241.00,157.00,307.00,291.00,154.00, 54.00,304.00,274.00,260.00, 30.00,284.00,263.00, 21.00, 48.00,277.00,275.00,210.00,119.00,281.00,263.00,227.00, 18.00,244.00,262.00, 97.00, 37.00,286.00,260.00, 49.00, 42.00,206.00,259.00,234.00,250.00,291.00,265.00,145.00, 62.00,
38.750,218.00,298.00, 16.00, 16.00,282.00,317.00,301.00,288.00,307.00,279.00,178.00,246.00,273.00,283.00, 11.00, 15.00,279.00,303.00, 11.00, 12.00,345.00,336.00, 36.00, 65.00,298.00,293.00, 17.00,149.00,280.00,287.00, 12.00, 17.00,280.00,266.00,135.00, 44.00,299.00,285.00,277.00, 83.00,293.00,280.00, 14.00, 15.00,282.00,287.00,265.00, 88.00,299.00,275.00,169.00,251.00,278.00,280.00, 15.00, 12.00,284.00,295.00,241.00,157.00,307.00,291.00,155.00, 54.00,304.00,275.00,260.00, 30.00,287.00,263.00, 21.00, 48.00,277.00,275.00,212.00,119.00,282.00,266.00,231.00, 18.00,245.00,263.00, 97.00, 37.00,286.00,260.00, 49.00, 42.00,207.00,259.00,234.00,250.00,291.00,266.00,145.00, 62.00,
39.000,218.00,298.00, 16.00, 16.00,282.00,318.00,301.00,288.00,307.00,280.00,178.00,246.00,273.00,283.00, 11.00, 15.00,280.00,303.00, 11.00, 12.00,345.00,336.00, 36.00, 65.00,298.00,293.00, 17.00,149.00,280.00,287.00, 12.00, 17.00,280.00,267.00,136.00, 44.00,300.00,286.00,277.00, 83.00,293.00,280.00, 15.00, 15.00,282.00,287.00,267.00, 88.00,299.00,275.00,169.00,251.00,278.00,280.00, 15.00, 12.00,285.00,295.00,241.00,157.00,307.00,291.00,159.00, 54.00,305.00,275.00,260.00, 30.00,287.00,263.00, 21.00, 48.00,277.00,275.00,213.00,121.00,282.00,268.00,232.00, 18.00,246.00,264.00, 97.00, 37.00,286.00,261.00, 49.00, 42.00,209.00,259.00,236.00,250.00,291.00,266.00,145.00, 62.00,
39.250,218.00,298.00, 16.00, 16.00,282.00,318.00,301.00,288.00,307.00,280.00,178.00,246.00,273.00,283.00, 11.00, 15.00,280.00,303.00, 11.00, 12.00,345.00,336.00, 36.00, 65.00,298.00,293.00, 17.00,149.00,280.00,288.00, 12.00, 17.00,280.00,267.00,136.00, 44.00,300.00,286.00,279.00, 83.00,294.00,281.00, 17.00, 15.00,283.00,288.00,267.00, 88.00,300.00,275.00,169.00,251.00,278.00,283.00, 15.00, 12.00,285.00,295.00,241.00,157.00,308.00,292.00,162.00, 54.00,305.00,275.00,260.00, 30.00,287.00,263.00, 21.00, 48.00,278.00,275.00,216.00,122.00,283.00,268.00,235.00, 18.00,246.00,264.00, 97.00, 37.00,286.00,261.00, 49.00, 42.00,209.00,259.00,237.00,253.00,291.00,266.00,145.00, 63.00,
39.500,218.00,298.00, 16.00, 16.00,282.00,318.00,301.00,288.00,307.00,280.00,178.00,246.00,273.00,283.00, 11.00, 15.00,280.00,303.00, 11.00, 12.00,345.00,336.00, 36.00, 65.00,298.00,293.00, 17.00,149.00,280.00,288.00, 12.00, 17.00,280.00,267.00,136.00, 44.00,300.00,286.00,279.00, 83.00,294.00,281.00, 17.00, 15.00,283.00,288.00,267.00, 88.00,300.00,275.00,169.00,251.00,279.00,283.00, 15.00, 12.00,285.00,295.00,241.00,157.00,308.00,293.00,162.00, 54.00,305.00,275.00,260.00, 30.00,287.00,263.00, 21.00, 48.00,278.00,275.00,216.00,122.00,283.00,268.00,235.00, 18.00,246.00,264.00, 97.00, 37.00,286.00,261.00, 49.00, 42.00,209.00,259.00,237.00,253.00,291.00,266.00,146.00, 64.00,
39.750,218.00,298.00, 16.00, 16.00,282.00,318.00,301.00,288.00,307.00,280.00,178.00,246.00,273.00,283.00, 11.00, 15.00,280.00,303.00, 11.00, 12.00,345.00,336.00, 36.00, 65.00,298.00,294.00, 17.00,149.00,280.00,288.00, 12.00, 17.00,280.00,267.00,136.00, 44.00,300.00,286.00,279.00, 83.00,294.00,281.00, 17.00, 15.00,283.00,288.00,268.00, 88.00,300.00,275.00,169.00,251.00,279.00,283.00, 15.00, 12.00,285.00,295.00,241.00,157.00,308.00,293.00,162.00, 54.00,305.00,275.00,260.00, 30.00,287.00,263.00, 21.00, 48.00,278.00,275.00,216.00,122.00,283.00,269.00,235.00, 18.00,246.00,264.00, 97.00, 37.00,286.00,261.00, 49.00, 42.00,209.00,259.00,237.00,253.00,291.00,266.00,146.00, 64.00,
40.000,218.00,298.00, 16.00, 16.00,282.00,318.00,301.00,288.00,307.00,280.00,178.00,246.00,273.00,283.00, 11.00, 15.00,280.00,303.00, 11.00, 12.00,345.00,336.00, 36.00, 65.00,298.00,294.00, 17.00,149.00,280.00,288.00, 12.00, 17.00,280.00,267.00,136.00, 44.00,300.00,286.00,279.00, 83.00,294.00,281.00, 17.00, 15.00,283.00,288.00,268.00, 88.00,300.00,275.00,169.00,251.00,279.00,283.00, 15.00, 12.00,285.00,295.00,241.00,157.00,308.00,293.00,162.00, 54.00,305.00,275.00,260.00, 30.00,287.00,264.00, 21.00, 48.00,278.00,275.00,216.00,122.00,283.00,269.00,236.00, 18.00,246.00,264.00, 97.00, 37.00,286.00,261.00, 49.00, 42.00,209.00,259.00,237.00,253.00,291.00,266.00,146.00, 64.00,
40.250,218.00,298.00, 16.00, 16.00,282.00,318.00,301.00,288.00,307.00,280.00,178.00,246.00,273.00,283.00, 11.00, 15.00,280.00,303.00, 11.00, 12.00,345.00,336.00, 36.00, 65.00,298.00,294.00, 17.00,149.00,280.00,288.00, 12.00, 17.00,280.00,267.00,136.00, 44.00,300.00,286.00,279.00, 83.00,294.00,281.00, 17.00, 15.00,283.00,288.00,268.00, 88.00,300.00,275.00,169.00,251.00,279.00,283.00, 15.00, 12.00,285.00,295.00,241.00,157.00,308.00,293.00,162.00, 54.00,305.00,275.00,260.00, 30.00,287.00,264.00, 21.00, 48.00,278.00,275.00,216.00,123.00,283.00,271.00,237.00, 18.00,246.00,264.00, 97.00, 37.00,286.00,261.00, 49.00, 42.00,209.00,259.00,237.00,253.00,291.00,266.00,146.00, 64.00,
40.500,218.00,298.00, 16.00, 16.00,282.00,318.00,301.00,288.00,307.00,280.00,178.00,246.00,273.00,283.00, 11.00, 15.00,280.00,303.00, 11.00, 12.00,346.00,336.00, 36.00, 65.00,298.00,295.00, 17.00,149.00,280.00,288.00, 12.00, 17.00,280.00,267.00,136.00, 44.00,300.00,286.00,279.00, 83.00,294.00,281.00, 17.00, 15.00,283.00,288.00,268.00, 88.00,300.00,275.00,169.00,251.00,279.00,283.00, 15.00, 12.00,285.00,296.00,241.00,157.00,308.00,293.00,162.00, 54.00,305.00,275.00,260.00, 30.00,287.00,264.00, 21.00, 48.00,278.00,275.00,216.00,123.00,283.00,271.00,237.00, 18.00,246.00,264.00, 97.00, 37.00,286.00,261.00, 49.00, 42.00,209.00,259.00,237.00,253.00,291.00,266.00,146.00, 64.00,
40.750,218.00,298.00, 16.00, 16.00,282.00,318.00,302.00,289.00,307.00,281.00,178.00,246.00,273.00,283.00, 11.00, 15.00,280.00,304.00, 11.00, 12.00,346.00,337.00, 36.00, 65.00,299.00,295.00, 17.00,149.00,280.00,289.00, 12.00, 17.00,280.00,268.00,137.00, 44.00,300.00,286.00,279.00, 83.00,294.00,282.00, 20.00, 15.00,283.00,288.00,268.00, 88.00,300.00,275.00,170.00,251.00,279.00,283.00, 15.00, 12.00,285.00,296.00,241.00,158.00,308.00,293.00,167.00, 54.00,305.00,275.00,262.00, 30.00,287.00,266.00, 21.00, 48.00,279.00,275.00,220.00,125.00,284.00,273.00,241.00, 18.00,246.00,264.00, 97.00, 37.00,286.00,262.00, 49.00, 42.00,210.00,259.00,237.00,253.00,291.00,267.00,146.00, 64.00,
41.000,218.00,299.00, 16.00, 16.00,282.00,318.00,302.00,289.00,307.00,281.00,178.00,246.00,273.00,283.00, 11.00, 15.00,282.00,304.00, 11.00, 12.00,346.00,337.00, 36.00, 65.00,300.00,295.00, 17.00,149.00,280.00,289.00, 12.00, 17.00,280.00,268.00,137.00, 44.00,300.00,288.00,279.00, 83.00,295.00,282.00, 20.00, 15.00,283.00,288.00,270.00, 88.00,300.00,276.00,170.00,251.00,279.00,283.00, 15.00, 12.00,285.00,296.00,241.00,158.00,308.00,293.00,167.00, 54.00,305.00,275.00,262.00, 30.00,287.00,266.00, 21.00, 48.00,279.00,275.00,220.00,125.00,284.00,274.00,241.00, 18.00,246.00,264.00, 97.00, 37.00,286.00,262.00, 49.00, 42.00,210.00,259.00,237.00,253.00,291.00,267.00,146.00, 64.00,
41.250,218.00,299.00, 16.00, 16.00,282.00,318.00,302.00,289.00,307.00,282.00,178.00,246.00,273.00,283.00, 11.00, 15.00,282.00,304.00, 11.00, 12.00,346.00,337.00, 36.00, 65.00,300.00,295.00, 17.00,149.00,281.00,289.00, 12.00, 17.00,280.00,268.00,137.00, 44.00,300.00,288.00,279.00, 83.00,295.00,282.00, 20.00, 15.00,283.00,288.00,270.00, 88.00,300.00,276.00,172.00,251.00,279.00,284.00, 15.00, 12.00,285.00,297.00,241.00,158.00,308.00,293.00,167.00, 54.00,306.00,275.00,262.00, 30.00,288.00,266.00, 21.00, 48.00,279.00,275.00,220.00,125.00,284.00,275.00,243.00, 18.00,246.00,265.00, 97.00, 37.00,286.00,262.00, 49.00, 42.00,210.00,259.00,237.00,253.00,291.00,267.00,146.00, 64.00,
41.500,218.00,299.00, 16.00, 16.00,282.00,318.00,302.00,289.00,307.00,282.00,178.00,246.00,273.00,284.00, 11.00, 15.00,282.00,304.00, 11.00, 12.00,346.00,337.00, 36.00, 65.00,300.00,295.00, 17.00,149.00,282.00,290.00, 12.00, 17.00,280.00,268.00,139.00, 44.00,300.00,288.00,279.00, 83.00,296.00,282.00, 21.00, 15.00,283.00,288.00,270.00, 88.00,300.00,276.00,172.00,251.00,279.00,284.00, 15.00, 12.00,287.00,297.00,241.00,158.00,308.00,294.00,168.00, 54.00,306.00,275.00,262.00, 30.00,288.00,266.00, 21.00, 48.00,279.00,275.00,221.00,125.00,285.00,277.00,245.00, 18.00,246.00,265.00, 97.00, 37.00,286.00,262.00, 49.00, 42.00,210.00,259.00,237.00,253.00,291.00,267.00,146.00, 64.00,
41.750,218.00,299.00, 16.00, 16.00,282.00,318.00,302.00,289.00,307.00,282.00,178.00,246.00,273.00,284.00, 11.00, 15.00,282.00,304.00, 11.00, 12.00,346.00,337.00, 36.00, 65.00,300.00,296.00, 17.00,149.00,282.00,290.00, 12.00, 17.00,280.00,268.00,139.00, 44.00,300.00,288.00,280.00, 83.00,296.00,282.00, 21.00, 15.00,283.00,289.00,270.00, 88.00,300.00,276.00,173.00,251.00,279.00,284.00, 15.00, 12.00,287.00,298.00,241.00,158.00,308.00,294.00,169.00, 54.00,306.00,276.00,263.00, 30.00,288.00,267.00, 21.00, 48.00,279.00,275.00,221.00,125.00,285.00,277.00,245.00, 18.00,246.00,265.00, 97.00, 37.00,286.00,262.00, 49.00, 42.00,210.00,260.00,237.00,253.00,291.00,267.00,146.00, 64.00,
42.000,218.00,301.00, 16.00, 16.00,282.00,318.00,302.00,289.00,307.00,282.00,178.00,246.00,273.00,284.00, 11.00, 15.00,282.00,304.00, 11.00, 12.00,346.00,337.00, 36.00, 65.00,300.00,296.00, 17.00,149.00,282.00,290.00, 12.00, 17.00,280.00,268.00,139.00, 44.00,300.00,288.00,281.00, 83.00,296.00,283.00, 24.00, 15.00,283.00,289.00,270.00, 88.00,301.00,279.00,183.00,251.00,281.00,287.00, 17.00, 12.00,287.00,298.00,241.00,158.00,310.00,295.00,178.00, 56.00,307.00,276.00,263.00, 30.00,288.00,268.00, 21.00, 48.00,279.00,279.00,227.00,126.00,286.00,277.00,246.00, 18.00,249.00,265.00, 98.00, 37.00,286.00,265.00, 49.00, 44.00,213.00,260.00,240.00,255.00,293.00,268.00,148.00, 66.00,
42.250,218.00,301.00, 16.00, 16.00,282.00,318.00,302.00,289.00,307.00,283.00,178.00,246.00,273.00,284.00, 11.00, 15.00,282.00,305.00, 11.00, 12.00,346.00,337.00, 36.00, 65.00,300.00,296.00, 17.00,149.00,284.00,290.00, 12.00, 17.00,280.00,269.00,139.00, 44.00,300.00,289.00,281.00, 83.00,296.00,283.00, 24.00, 15.00,283.00,290.00,270.00, 88.00,301.00,279.00,183.00,251.00,281.00,287.00, 17.00, 12.00,287.00,298.00,241.00,158.00,310.00,295.00,178.00, 56.00,307.00,278.00,263.00, 30.00,289.00,268.00, 21.00, 48.00,279.00,279.00,227.00,126.00,286.00,279.00,249.00, 18.00,249.00,265.00, 98.00, 37.00,286.00,265.00, 49.00, 44.00,213.00,260.00,240.00,255.00,293.00,268.00,148.00, 66.00,
42.500,218.00,301.00, 16.00, 16.00,282.00,318.00,302.00,289.00,307.00,283.00,178.00,246.00,273.00,284.00, 11.00, 15.00,282.00,305.00, 11.00, 12.00,346.00,337.00, 36.00, 65.00,300.00,296.00, 17.00,149.00,284.00,291.00, 12.00, 17.00,280.00,269.00,139.00, 44.00,300.00,289.00,281.00, 83.00,296.00,283.00, 24.00, 15.00,283.00,290.00,271.00, 88.00,301.00,279.00,183.00,251.00,281.00,287.00, 17.00, 12.00,287.00,298.00,241.00,158.00,310.00,295.00,178.00, 56.00,307.00,278.00,263.00, 30.00,289.00,268.00, 21.00, 48.00,279.00,279.00,227.00,126.00,286.00,279.00,249.00, 18.00,249.00,265.00, 98.00, 37.00,286.00,265.00, 49.00, 44.00,213.00,260.00,240.00,255.00,293.00,268.00,148.00, 66.00,
42.750,218.00,301.00, 16.00, 16.00,282.00,320.00,303.00,291.00,307.00,283.00,178.00,246.00,273.00,284.00, 11.00, 15.00,282.00,305.00, 11.00, 12.00,346.00,337.00, 36.00, 65.00,300.00,296.00, 18.00,149.00,284.00,292.00, 12.00, 17.00,281.00,269.00,139.00, 44.00,300.00,289.00,281.00, 83.00,296.00,283.00, 27.00, 15.00,283.00,291.00,271.00, 88.00,301.00,279.00,183.00,251.00,281.00,287.00, 17.00, 12.00,287.00,298.00,241.00,158.00,310.00,295.00,178.00, 56.00,307.00,278.00,263.00, 30.00,290.00,268.00, 21.00, 48.00,279.00,279.00,227.00,126.00,286.00,279.00,253.00, 18.00,249.00,266.00, 98.00, 37.00,286.00,265.00, 49.00, 44.00,213.00,260.00,240.00,255.00,293.00,268.00,148.00, 66.00,
43.000,218.00,301.00, 16.00, 16.00,282.00,320.00,303.00,291.00,307.00,283.00,178.00,246.00,273.00,284.00, 11.00, 15.00,282.00,305.00, 11.00, 12.00,346.00,337.00, 36.00, 65.00,300.00,297.00, 18.00,149.00,284.00,293.00, 12.00, 17.00,281.00,269.00,139.00, 44.00,300.00,289.00,281.00, 83.00,296.00,284.00, 27.00, 15.00,283.00,291.00,271.00, 88.00,301.00,279.00,183.00,251.00,281.00,287.00, 17.00, 12.00,287.00,298.00,241.00,158.00,310.00,295.00,180.00, 56.00,307.00,278.00,263.00, 30.00,290.00,268.00, 21.00, 48.00,279.00,279.00,228.00,126.00,286.00,280.00,253.00, 18.00,249.00,266.00, 98.00, 37.00,286.00,265.00, 49.00, 44.00,213.00,260.00,240.00,255.00,293.00,268.00,148.00, 66.00,
43.250,218.00,301.00, 16.00, 16.00,282.00,320.00,303.00,291.00,307.00,283.00,178.00,246.00,273.00,284.00, 11.00, 15.00,282.00,305.00, 11.00, 12.00,346.00,337.00, 36.00, 65.00,300.00,297.00, 18.00,149.00,284.00,293.00, 12.00, 17.00,281.00,269.00,140.00, 44.00,300.00,289.00,283.00, 83.00,296.00,284.00, 29.00, 15.00,283.00,291.00,271.00, 88.00,301.00,279.00,183.00,251.00,281.00,287.00, 17.00, 12.00,287.00,298.00,241.00,158.00,310.00,296.00,180.00, 56.00,307.00,278.00,263.00, 30.00,290.00,268.00, 21.00, 48.00,279.00,279.00,231.00,126.00,286.00,280.00,253.00, 18.00,249.00,266.00,100.00, 37.00,286.00,265.00, 49.00, 44.00,213.00,260.00,240.00,255.00,293.00,268.00,148.00, 66.00,
43.500,218.00,301.00, 16.00, 16.00,282.00,320.00,303.00,291.00,307.00,283.00,178.00,246.00,273.00,285.00, 11.00, 15.00,282.00,305.00, 11.00, 12.00,346.00,337.00, 36.00, 65.00,300.00,299.00, 18.00,149.00,284.00,293.00, 12.00, 17.00,281.00,269.00,140.00, 44.00,300.00,289.00,283.00, 83.00,296.00,284.00, 29.00, 15.00,283.00,291.00,272.00, 88.00,301.00,279.00,183.00,251.00,281.00,287.00, 17.00, 12.00,287.00,298.00,241.00,158.00,310.00,296.00,180.00, 56.00,307.00,278.00,263.00, 30.00,290.00,268.00, 21.00, 48.00,279.00,279.00,231.00,126.00,286.00,283.00,255.00, 18.00,249.00,266.00,100.00, 37.00,286.00,265.00, 49.00, 44.00,213.00,262.00,240.00,255.00,293.00,268.00,148.00, 66.00,
43.750,218.00,301.00, 16.00, 16.00,282.00,320.00,303.00,291.00,307.00,283.00,178.00,246.00,273.00,285.00, 11.00, 15.00,282.00,305.00, 11.00, 12.00,346.00,337.00, 36.00, 65.00,300.00,299.00, 18.00,149.00,284.00,293.00, 12.00, 17.00,281.00,269.00,140.00, 44.00,300.00,289.00,283.00, 83.00,297.00,284.00, 29.00, 15.00,283.00,291.00,272.00, 88.00,301.00,279.00,184.00,251.00,281.00,287.00, 17.00, 12.00,287.00,298.00,241.00,158.00,311.00,296.00,183.00, 56.00,307.00,278.00,263.00, 30.00,290.00,268.00, 21.00, 48.00,279.00,279.00,231.00,126.00,286.00,283.00,255.00, 18.00,249.00,266.00,100.00, 37.00,286.00,265.00, 49.00, 44.00,213.00,262.00,240.00,255.00,293.00,268.00,148.00, 66.00,
44.000,218.00,301.00, 16.00, 16.00,282.00,320.00,303.00,291.00,307.00,283.00,178.00,246.00,273.00,285.00, 11.00, 15.00,282.00,305.00, 11.00, 12.00,346.00,337.00, 36.00, 65.00,300.00,299.00, 18.00,149.00,284.00,293.00, 12.00, 17.00,281.00,269.00,140.00, 44.00,300.00,289.00,283.00, 83.00,297.00,284.00, 29.00, 15.00,283.00,291.00,272.00, 88.00,301.00,279.00,184.00,251.00,281.00,287.00, 17.00, 12.00,288.00,298.00,241.00,158.00,311.00,296.00,183.00, 56.00,307.00,278.00,263.00, 30.00,290.00,268.00, 21.00, 48.00,279.00,279.00,231.00,126.00,286.00,284.00,258.00, 18.00,249.00,266.00,100.00, 37.00,286.00,265.00, 49.00, 44.00,213.00,262.00,240.00,255.00,293.00,268.00,148.00, 66.00,
44.250,218.00,301.00, 16.00, 16.00,282.00,320.00,303.00,291.00,307.00,284.00,178.00,246.00,273.00,285.00, 11.00, 15.00,284.00,305.00, 11.00, 12.00,346.00,337.00, 36.00, 65.00,300.00,299.00, 18.00,149.00,284.00,293.00, 12.00, 17.00,281.00,269.00,140.00, 44.00,300.00,289.00,283.00, 83.00,297.00,284.00, 29.00, 15.00,283.00,291.00,272.00, 88.00,301.00,279.00,185.00,251.00,281.00,290.00, 17.00, 12.00,288.00,298.00,241.00,158.00,311.00,296.00,187.00, 56.00,308.00,278.00,263.00, 30.00,290.00,268.00, 21.00, 48.00,279.00,279.00,232.00,126.00,287.00,284.00,259.00, 18.00,249.00,266.00,100.00, 37.00,286.00,265.00, 49.00, 44.00,213.00,262.00,240.00,255.00,293.00,268.00,148.00, 66.00,
44.500,218.00,301.00, 16.00, 16.00,282.00,320.00,303.00,291.00,307.00,284.00,178.00,246.00,273.00,285.00, 11.00, 15.00,284.00,305.00, 11.00, 12.00,346.00,337.00, 36.00, 65.00,300.00,299.00, 18.00,149.00,284.00,293.00, 12.00, 17.00,281.00,269.00,140.00, 44.00,300.00,289.00,283.00, 83.00,297.00,284.00, 29.00, 15.00,283.00,291.00,272.00, 88.00,301.00,279.00,185.00,251.00,281.00,290.00, 17.00, 12.00,288.00,298.00,241.00,158.00,311.00,296.00,187.00, 56.00,308.00,278.00,263.00, 30.00,290.00,268.00, 21.00, 48.00,279.00,279.00,232.00,126.00,287.00,284.00,259.00, 18.00,249.00,266.00,100.00, 37.00,286.00,265.00, 49.00, 44.00,213.00,262.00,240.00,255.00,293.00,268.00,148.00, 66.00,
44.750,218.00,301.00, 16.00, 16.00,282.00,320.00,303.00,291.00,307.00,284.00,178.00,246.00,273.00,285.00, 11.00, 15.00,284.00,305.00, 11.00, 12.00,346.00,337.00, 36.00, 65.00,300.00,299.00, 18.00,149.00,284.00,293.00, 12.00, 17.00,281.00,269.00,140.00, 44.00,300.00,289.00,283.00, 83.00,297.00,285.00, 29.00, 15.00,283.00,292.00,273.00, 88.00,301.00,279.00,185.00,251.00,281.00,290.00, 17.00, 12.00,288.00,299.00,241.00,158.00,311.00,296.00,187.00, 56.00,308.00,278.00,265.00, 30.00,290.00,269.00, 21.00, 48.00,279.00,279.00,232.00,127.00,287.00,286.00,263.00, 18.00,249.00,266.00,100.00, 37.00,286.00,265.00, 49.00, 44.00,213.00,262.00,240.00,255.00,293.00,268.00,148.00, 66.00,
45.000,218.00,301.00, 16.00, 16.00,282.00,320.00,303.00,291.00,307.00,285.00,178.00,246.00,273.00,285.00, 11.00, 15.00,284.00,305.00, 11.00, 12.00,346.00,337.00, 36.00, 65.00,302.00,299.00, 18.00,149.00,285.00,293.00, 12.00, 17.00,281.00,270.00,141.00, 44.00,300.00,289.00,284.00, 83.00,297.00,285.00, 37.00, 15.00,284.00,292.00,273.00, 88.00,301.00,279.00,187.00,251.00,281.00,290.00, 17.00, 12.00,288.00,299.00,241.00,158.00,311.00,297.00,189.00, 56.00,308.00,278.00,265.00, 30.00,290.00,270.00, 21.00, 48.00,279.00,279.00,235.00,127.00,288.00,286.00,263.00, 18.00,249.00,266.00,101.00, 37.00,286.00,265.00, 49.00, 44.00,213.00,262.00,240.00,257.00,293.00,268.00,148.00, 66.00,
45.250,218.00,301.00, 16.00, 16.00,282.00,320.00,303.00,292.00,307.00,285.00,178.00,246.00,273.00,285.00, 11.00, 15.00,284.00,305.00, 11.00, 12.00,346.00,338.00, 36.00, 65.00,302.00,299.00, 18.00,149.00,285.00,293.00, 12.00, 17.00,281.00,270.00,141.00, 44.00,300.00,289.00,284.00, 83.00,297.00,285.00, 37.00, 15.00,284.00,292.00,273.00, 88.00,301.00,279.00,187.00,251.00,281.00,290.00, 17.00, 12.00,288.00,299.00,241.00,158.00,311.00,297.00,189.00, 56.00,308.00,278.00,265.00, 30.00,290.00,270.00, 21.00, 48.00,279.00,279.00,235.00,127.00,288.00,286.00,264.00, 18.00,249.00,267.00,101.00, 37.00,286.00,265.00, 49.00, 44.00,213.00,262.00,240.00,257.00,293.00,268.00,148.00, 66.00,
45.500,218.00,301.00, 16.00, 16.00,282.00,320.00,303.00,292.00,307.00,285.00,178.00,246.00,273.00,285.00, 11.00, 15.00,284.00,305.00, 11.00, 12.00,347.00,338.00, 36.00, 65.00,302.00,300.00, 18.00,149.00,285.00,293.00, 12.00, 17.00,282.00,270.00,141.00, 44.00,300.00,289.00,284.00, 83.00,298.00,285.00, 37.00, 15.00,284.00,292.00,274.00, 88.00,301.00,279.00,187.00,251.00,281.00,290.00, 17.00, 12.00,288.00,299.00,241.00,158.00,311.00,297.00,189.00, 56.00,308.00,278.00,265.00, 30.00,290.00,270.00, 21.00, 49.00,279.00,279.00,235.00,127.00,288.00,286.00,266.00, 18.00,249.00,267.00,101.00, 37.00,286.00,265.00, 49.00, 44.00,213.00,262.00,240.00,257.00,293.00,268.00,148.00, 66.00,
45.750,218.00,301.00, 16.00, 16.00,282.00,320.00,303.00,292.00,307.00,285.00,178.00,246.00,273.00,285.00, 11.00, 15.00,284.00,305.00, 11.00, 12.00,347.00,338.00, 36.00, 65.00,302.00,300.00, 18.00,149.00,285.00,293.00, 12.00, 17.00,282.00,270.00,141.00, 44.00,300.00,289.00,284.00, 83.00,298.00,285.00, 37.00, 15.00,284.00,292.00,274.00, 88.00,301.00,279.00,187.00,251.00,281.00,290.00, 17.00, 12.00,288.00,300.00,241.00,158.00,311.00,297.00,190.00, 56.00,308.00,278.00,265.00, 30.00,290.00,270.00, 21.00, 49.00,279.00,279.00,235.00,127.00,288.00,286.00,266.00, 18.00,249.00,267.00,101.00, 37.00,286.00,265.00, 49.00, 44.00,213.00,262.00,240.00,257.00,293.00,268.00,148.00, 66.00,
46.000,218.00,301.00, 16.00, 16.00,282.00,320.00,303.00,292.00,307.00,285.00,178.00,246.00,273.00,285.00, 11.00, 15.00,284.00,306.00, 11.00, 12.00,347.00,338.00, 36.00, 65.00,302.00,300.00, 18.00,149.00,285.00,293.00, 12.00, 17.00,282.00,270.00,143.00, 44.00,300.00,289.00,284.00, 83.00,298.00,285.00, 37.00, 15.00,284.00,292.00,274.00, 88.00,301.00,279.00,190.00,251.00,281.00,290.00, 17.00, 12.00,288.00,300.00,241.00,158.00,311.00,297.00,196.00, 56.00,308.00,278.00,265.00, 30.00,290.00,270.00, 21.00, 49.00,279.00,279.00,239.00,128.00,288.00,286.00,269.00, 18.00,249.00,267.00,101.00, 37.00,286.00,265.00, 49.00, 44.00,214.00,262.00,241.00,257.00,293.00,268.00,148.00, 66.00,
46.250,218.00,301.00, 16.00, 16.00,282.00,320.00,303.00,292.00,307.00,285.00,178.00,246.00,273.00,285.00, 11.00, 15.00,284.00,306.00, 11.00, 12.00,347.00,338.00, 36.00, 65.00,302.00,301.00, 18.00,149.00,285.00,294.00, 12.00, 17.00,282.00,270.00,143.00, 44.00,300.00,290.00,284.00, 83.00,298.00,285.00, 38.00, 15.00,284.00,293.00,274.00, 88.00,302.00,279.00,194.00,251.00,281.00,291.00, 17.00, 12.00,288.00,300.00,241.00,158.00,312.00,297.00,199.00, 56.00,308.00,278.00,265.00, 30.00,290.00,270.00, 21.00, 49.00,279.00,279.00,239.00,128.00,289.00,287.00,269.00, 18.00,249.00,267.00,101.00, 37.00,286.00,265.00, 49.00, 44.00,214.00,262.00,241.00,257.00,293.00,268.00,148.00, 66.00,
46.500,218.00,301.00, 16.00, 16.00,282.00,320.00,304.00,292.00,307.00,285.00,178.00,246.00,273.00,285.00, 11.00, 15.00,286.00,308.00, 11.00, 12.00,347.00,338.00, 36.00, 65.00,302.00,302.00, 18.00,149.00,285.00,294.00, 12.00, 17.00,282.00,270.00,143.00, 44.00,300.00,290.00,284.00, 83.00,298.00,285.00, 42.00, 15.00,284.00,293.00,274.00, 88.00,302.00,279.00,194.00,251.00,281.00,291.00, 17.00, 12.00,288.00,300.00,241.00,158.00,312.00,297.00,199.00, 56.00,308.00,278.00,265.00, 30.00,291.00,270.00, 21.00, 49.00,279.00,279.00,241.00,128.00,289.00,288.00,273.00, 18.00,249.00,268.00,101.00, 37.00,286.00,265.00, 49.00, 44.00,214.00,262.00,241.00,257.00,293.00,268.00,148.00, 66.00,
46.750,218.00,301.00, 16.00, 16.00,282.00,320.00,304.00,292.00,307.00,285.00,178.00,246.00,273.00,285.00, 11.00, 15.00,286.00,308.00, 11.00, 12.00,347.00,338.00, 36.00, 65.00,302.00,302.00, 18.00,149.00,285.00,294.00, 12.00, 17.00,282.00,270.00,143.00, 44.00,300.00,290.00,284.00, 83.00,298.00,285.00, 42.00, 15.00,284.00,293.00,274.00, 88.00,302.00,279.00,194.00,251.00,281.00,291.00, 17.00, 12.00,288.00,300.00,241.00,158.00,312.00,297.00,199.00, 56.00,308.00,278.00,265.00, 30.00,291.00,270.00, 21.00, 49.00,279.00,279.00,241.00,128.00,289.00,288.00,273.00, 18.00,249.00,268.00,101.00, 37.00,286.00,265.00, 49.00, 44.00,214.00,262.00,241.00,257.00,293.00,268.00,148.00, 66.00,
47.000,218.00,301.00, 16.00, 16.00,282.00,320.00,304.00,292.00,307.00,285.00,178.00,246.00,273.00,285.00, 11.00, 15.00,286.00,308.00, 11.00, 12.00,347.00,338.00, 36.00, 65.00,302.00,302.00, 18.00,149.00,285.00,294.00, 12.00, 17.00,282.00,270.00,143.00, 44.00,300.00,290.00,286.00, 83.00,298.00,285.00, 42.00, 15.00,284.00,294.00,274.00, 88.00,302.00,279.00,194.00,251.00,281.00,291.00, 17.00, 12.00,288.00,300.00,241.00,158.00,312.00,298.00,202.00, 56.00,308.00,278.00,265.00, 30.00,291.00,271.00, 21.00, 49.00,279.00,279.00,242.00,128.00,289.00,288.00,273.00, 18.00,249.00,268.00,102.00, 37.00,286.00,265.00, 49.00, 44.00,214.00,262.00,242.00,257.00,293.00,268.00,148.00, 66.00,
47.250,218.00,301.00, 16.00, 16.00,282.00,320.00,304.00,292.00,307.00,285.00,178.00,246.00,273.00,285.00, 11.00, 15.00,286.00,308.00, 11.00, 12.00,347.00,338.00, 36.00, 65.00,302.00,302.00, 18.00,149.00,285.00,294.00, 12.00, 17.00,282.00,270.00,143.00, 44.00,300.00,290.00,286.00, 83.00,298.00,285.00, 42.00, 15.00,284.00,294.00,274.00, 88.00,302.00,279.00,194.00,251.00,281.00,291.00, 17.00, 12.00,288.00,300.00,241.00,158.00,312.00,298.00,202.00, 56.00,308.00,278.00,265.00, 30.00,291.00,271.00, 21.00, 49.00,279.00,279.00,242.00,128.00,289.00,288.00,273.00, 18.00,249.00,268.00,102.00, 37.00,286.00,265.00, 49.00, 44.00,214.00,262.00,242.00,257.00,293.00,268.00,148.00, 66.00,
47.500,218.00,301.00, 16.00, 16.00,282.00,320.00,305.00,292.00,307.00,285.00,178.00,246.00,273.00,285.00, 11.00, 15.00,286.00,308.00, 11.00, 12.00,347.00,338.00, 36.00, 65.00,302.00,302.00, 18.00,149.00,285.00,294.00, 12.00, 17.00,282.00,270.00,145.00, 44.00,300.00,290.00,286.00, 83.00,298.00,285.00, 42.00, 15.00,284.00,294.00,274.00, 88.00,302.00,279.00,194.00,251.00,281.00,292.00, 17.00, 12.00,288.00,300.00,241.00,158.00,312.00,298.00,204.00, 56.00,309.00,278.00,265.00, 30.00,292.00,271.00, 21.00, 49.00,279.00,279.00,243.00,128.00,289.00,290.00,276.00, 18.00,249.00,268.00,102.00, 37.00,286.00,265.00, 49.00, 44.00,214.00,262.00,242.00,257.00,293.00,268.00,148.00, 66.00,
47.750,218.00,301.00, 16.00, 16.00,282.00,320.00,305.00,292.00,307.00,285.00,178.00,246.00,273.00,285.00, 11.00, 15.00,286.00,308.00, 11.00, 12.00,347.00,338.00, 36.00, 65.00,302.00,302.00, 18.00,149.00,285.00,294.00, 12.00, 17.00,282.00,270.00,145.00, 44.00,300.00,291.00,286.00, 83.00,298.00,285.00, 42.00, 15.00,284.00,294.00,274.00, 88.00,302.00,279.00,195.00,251.00,281.00,292.00, 17.00, 12.00,288.00,300.00,241.00,158.00,312.00,298.00,204.00, 56.00,309.00,278.00,265.00, 30.00,292.00,271.00, 21.00, 49.00,279.00,279.00,243.00,128.00,289.00,290.00,276.00, 18.00,249.00,268.00,102.00, 37.00,286.00,265.00, 49.00, 44.00,214.00,262.00,242.00,257.00,293.00,268.00,148.00, 66.00,


